00000000
00000000
00000000
00000000
00000000
00000000
00000000
00000000
00000000
00000000
00000000
00000000
00000000
00000000
00000000
00000000
00000000
00000000
00000000
00000000
00000000
00000000
00000000
00000000
00000000
00000000
00000000
00000000
00000000
00000000
00000000
00000000
00000000
00000000
00000000
00000000
00000000
00000000
00000000
00000000
00000000
00000000
00000000
00000000
00000000
00000000
00000000
00000000
00000000
0000fff0
0000fe10
0000fe32
00000000
0000fe2d
0000faa2
0000feed
0000ff7d
0000fb8a
00000000
00000000
00000000
0000ff94
0000fa5b
0000ff6a
00000000
00000000
0000ff3a
00000000
00000000
00000000
00000000
00000000
0000fd73
0000ffa2
0000ff5c
00000000
0000fe1d
00000000
00000000
00000000
0000ff76
0000fd38
0000fe84
0000fedf
00000000
00000000
0000fd4c
0000fe51
0000fd89
0000fc04
00000000
0000ff7c
00000000
00000000
00000000
0000ffe6
00000000
00000000
00000000
00001891
00001ae1
00000000
00000bb6
000012a9
00000000
000014f7
00000000
00000000
00000000
00000000
00000000
00000000
00000000
00000000
00000015
00000000
0000017b
00000000
000010af
00000000
00000e70
00000000
00001494
00000c1a
00001953
00000000
00000000
00000916
000022fe
00000000
00000481
00000000
00000000
00000c3f
000000db
00000000
000000ab
00000000
00001246
00000000
00000000
00000000
00000000
00000000
00000b61
00000000
00000000
00000000
00000000
00000000
00000000
00000000
00000000
00000000
00000000
00000000
00000000
00000000
00000000
00000000
00000000
00000000
00000000
00000000
00000000
00000000
00000000
00000000
00000000
00000000
00000000
00000000
00000000
00000000
00000000
00000000
00000000
00000000
00000000
00000000
00000000
00000000
00000000
00000000
00000000
00000000
00000000
00000000
00000000
00000000
00000000
00000000
00000000
00000000
00000000
00000000
00000000
00000000
00000000
00000000
00000000
0000ff17
00000000
00000000
00000000
00000000
00000000
00000000
00000000
00000000
00000000
00000000
00000000
00000000
00000000
00000000
00000000
00000000
00000000
00000000
00000000
00000000
00000000
00000000
00000000
0000fff4
00000000
00000000
00000000
00000000
00000000
00000000
00000000
00000000
00000000
00000000
00000000
00000000
00000000
00000000
00000000
00000000
00000000
00000000
00000000
0000fba2
00000000
00000000
00000000
00000000
00000000
00000000
00000000
00000000
00000000
00000000
00000000
00000000
00000000
00000000
00000000
00000000
00000000
00000000
00000000
00000000
0000fc91
0000fc00
00000000
00000000
00000000
00000000
00000000
0000fa9d
00000000
00000000
00000000
00000000
00000000
00000000
00000000
00000000
00000000
00000000
00000000
00000000
0000f9c2
00000000
00000000
00000000
00000000
00000000
00000000
00000000
00000000
00000000
000005d1
0000045e
00000000
0000031e
00000190
0000067a
00000fa5
000003b7
00000000
00000000
0000040f
0000006d
00000000
00000000
00000021
000002e5
00000a43
00000962
00000561
000000ec
00000ae1
00000dbe
00000a0c
00000000
00000000
000000f0
00000136
000000ff
00000969
000007e1
00000c40
00000645
000005b8
00000000
00000000
0000017f
0000006e
00000b6e
00000938
0000048f
00000000
00000287
00000000
00000000
00000000
00000000
00000000
00000000
00000000
00000000
0000080d
00000000
00000000
00000000
00000c77
00000000
000004bc
00000000
00000000
00000000
00000000
00000000
00000000
00000000
00000000
00000000
00000000
00000000
00000000
00000000
00000000
00000000
00000000
00000000
00000000
00000000
00000000
00000000
00000000
00000000
00000000
00000000
00000000
00000000
00000000
00000000
00000e54
00000000
00000000
00000bde
00000349
00000000
00000000
00000000
00000000
00000000
00000000
00000000
0000d968
0000e309
00000000
0000eb50
0000f5a2
0000d50b
0000983e
0000e758
00000000
00000000
0000e513
0000fd27
00000000
00000000
0000ff23
0000ebfc
0000bbec
0000c1c3
0000dc51
0000f9dd
0000b7d4
0000a4d8
0000bd5a
00000000
00000000
0000f9c8
0000f7f3
0000f963
0000c193
0000cbbd
0000aec0
0000d668
0000da12
00000000
00000000
0000f610
0000fd22
0000b431
0000c2d7
0000e1be
00000000
0000ef3d
00000000
00000000
00000000
00000000
00000000
00000000
00000000
0000fe38
00000000
00000000
00000000
00000000
00000000
0000ff4e
00000000
00000000
00000000
00000000
00000000
00000000
00000000
00000000
00000000
00000000
00000000
00000000
0000ff40
00000000
00000000
0000ffe3
00000000
00000000
00000000
00000000
00000000
00000000
00000000
00000000
00000000
00000000
0000ff36
0000ff77
00000000
00000000
00000000
00000000
00000000
0000fcc5
0000ff5f
00000000
00000000
0000ff0d
00000000
00000000
00000000
00000000
000003d5
00000000
00000000
00000000
00000000
00000000
00000180
00000000
00000000
00000000
00000000
00000000
00000000
00000000
00000000
00000000
00000000
00000000
00000000
0000019e
00000000
00000000
0000003f
00000000
00000000
00000000
00000000
00000000
00000000
00000000
00000000
00000000
00000000
000001b3
00000126
00000000
00000000
00000000
00000000
00000000
000006f1
0000015b
00000000
00000000
0000020b
00000000
00000000
00000000
00000000
00000000
00000000
00000000
00000000
00000000
0000f460
0000f471
00000000
00000000
00000000
0000cc18
0000c511
0000f75b
00000000
00000000
00000000
00000000
00000000
00000000
0000efa9
00000000
00000000
0000e585
0000faee
00000000
00000000
0000dad5
00000000
00000000
00000000
00000000
00000000
00000000
00000000
0000dd86
00000000
00000000
00000000
00000000
00000000
00006fa0
00005f90
00004cf6
0000514a
00006953
00007b28
0000d5bc
00000000
0000fa70
0000f9ea
00000000
0000fd5a
0000fbc7
00000000
0000fb41
00000000
00000000
00000000
00000000
00000000
00000000
00000000
00000000
0000fffc
00000000
0000ffab
00000000
0000fc39
00000000
0000fcbc
00000000
0000fb57
0000fd43
0000fa44
00000000
00000000
0000fdf2
0000f814
00000000
0000fefb
00000000
00000000
0000fd3a
0000ffcf
00000000
0000ffda
00000000
0000fbdd
00000000
00000000
00000000
00000000
00000000
0000fd6d
00000000
00000000
00000007
000000da
000000cb
00000000
000000cd
0000025d
00000079
00000039
000001f7
00000000
00000000
00000000
0000002f
0000027c
00000042
00000000
00000000
00000057
00000000
00000000
00000000
00000000
00000000
0000011f
00000029
00000048
00000000
000000d4
00000000
00000000
00000000
0000003c
00000139
000000a7
0000007f
00000000
00000000
00000130
000000be
00000116
000001c1
00000000
0000003a
00000000
00000000
00000000
0000000b
00000000
00000000
00000000
00000000
0000f5c6
00000000
00000000
00000000
00000000
00000000
0000fbff
00000000
00000000
00000000
00000000
00000000
00000000
00000000
00000000
00000000
00000000
00000000
00000000
0000fbaf
00000000
00000000
0000ff56
00000000
00000000
00000000
00000000
00000000
00000000
00000000
00000000
00000000
00000000
0000fb75
0000fcee
00000000
00000000
00000000
00000000
00000000
0000ed78
0000fc62
00000000
00000000
0000fa8b
00000000
00000000
00000000
00000000
00000000
00000000
00000000
00000000
00000000
00000000
00000000
00000000
00000000
00000000
00000000
00000000
00000000
00000000
00000000
00000000
00000000
00000000
00000000
00000000
00000000
00000000
00000000
00000000
00000000
00000000
00000000
00000000
00000000
00000000
00000000
00000000
00000000
00000000
00000000
00000000
00000000
00000000
00000000
00000000
00000000
00000000
00000000
00000000
00000000
00000000
00000000
00000000
00000000
00000000
00000000
00000000
000005f2
00000000
00000000
00000000
00000000
00000000
00000000
00000000
00000000
00000000
00000000
00000000
00000000
00000000
00000000
00000000
00000000
00000000
00000000
00000000
00000000
00000000
00000000
00000000
00000053
00000000
00000000
00000005
00000000
00000000
00000000
00000000
00000000
00000000
00000000
00000000
00000000
00000000
00000000
00000000
00000000
00000000
00000000
00000000
00000859
00000c65
00002642
00001564
00000a6a
00001a1d
00002bfa
000004fb
000034a4
0000201d
00000000
0000216a
00002264
00001de8
00001c79
00003337
000000e3
000019eb
00002128
000028ca
00000a02
00000f69
000022e9
00000446
00002a94
000027f9
00000b61
00001848
00001dcb
00001132
00001cf2
000020a8
00001763
0000122f
000019bd
00000000
00001d49
0000248c
00002152
00000f45
00001864
00000d34
000017a0
00001179
000006d0
00000000
00001e6f
000006c2
00000705
00000000
00000000
00000000
00000000
00000000
00000000
00000000
0000fa0c
0000fa14
00000000
00000000
00000000
0000e56a
0000e1d0
0000fb93
00000000
00000000
00000000
00000000
00000000
00000000
0000f7a2
00000000
00000000
0000f270
0000fd68
00000000
00000000
0000ecf6
00000000
00000000
00000000
00000000
00000000
00000000
00000000
0000ee57
00000000
00000000
00000000
00000000
00000000
0000b60c
0000add1
0000a44a
0000a682
0000b2d2
0000bbf4
0000ea5a
00000108
00000187
00000469
000002cd
00000149
00000339
0000056e
000000dd
00000680
0000040f
00000000
00000420
0000043f
000003b1
00000384
00000653
0000001c
00000333
00000418
00000509
0000013c
000001e7
0000044f
00000087
00000542
000004ef
00000167
000002ff
000003ad
0000021f
00000393
00000408
000002e3
0000023e
0000032d
00000000
0000039e
00000483
0000041d
0000022c
00000303
000001a1
00000328
00000239
000000d7
00000000
000003c2
000000d5
000000de
0000121e
00000075
00000000
00000000
00000000
00000000
00000000
00000000
00000000
00000000
00000000
00000000
00000000
00000000
00000000
00000000
00000000
00000000
00000000
00000227
00000000
000001a5
000001eb
00000000
00000000
000002f4
00000000
00000000
00000295
00000000
00000000
00000000
00000000
00000000
00000000
00000000
00000000
00000000
00000000
00000000
00000000
000002fe
00000000
00000000
00000000
00000000
00000000
00000000
00000000
00000000
00000000
0000fcab
0000fd80
00000000
0000fe37
0000ff1b
0000fc4b
0000f70b
0000fddf
00000000
00000000
0000fdad
0000ffc2
00000000
00000000
0000ffed
0000fe43
0000fa1f
0000faa1
0000fcec
0000ff79
0000f9c5
0000f821
0000fa3f
00000000
00000000
0000ff77
0000ff4e
0000ff6e
0000fa9c
0000fb7d
0000f8fc
0000fc69
0000fcba
00000000
00000000
0000ff25
0000ffc1
0000f975
0000fab8
0000fd64
00000000
0000fe8e
00000000
00000000
00000000
00000000
00000000
00000000
00000000
00000000
00000000
00000000
00000000
00000000
00000000
00000000
00000000
00000000
00000000
00000000
00000000
00000000
00000000
00000000
00000000
00000000
00000000
00000000
00000000
00000000
00000000
00000000
00000000
00000000
00000000
00000000
00000000
00000000
00000000
00000000
00000000
00000000
00000000
00000000
00000000
00000000
00000000
00000000
00000000
00000000
00000000
00000000
00000000
00000000
00000000
00000000
00000000
00000000
00000000
00000000
00000000
00000000
00000000
00000000
00000000
00000000
00000000
00000000
00000000
00000000
00000000
00000000
00000000
00000000
00000000
00000000
00000000
00000000
00000000
00000000
00000000
00000000
00000000
00000000
00000000
00000000
00000000
00000000
00000000
00000000
00000000
00000000
00000000
00000000
00000000
00000000
00000000
00000000
00000000
00000000
00000000
00000000
00000000
00000000
00000000
00000000
00000000
00000000
00000000
00000000
00000000
00000000
00000000
00000000
00000000
00000000
00000000
00000000
00000000
00000000
00000000
00000000
00000000
00000000
00000000
00000000
00000000
00000000
00000000
00000000
00000000
00000000
00000000
00000000
00000000
00000000
00000000
00000000
00000000
00000000
00000000
00000000
00000000
00000000
00000000
00000000
00000000
00000000
00000000
00000000
00000000
00000000
00000000
00000000
00000000
00000000
00000000
00000000
00000000
00000000
00000000
00000000
00000000
00000000
00000000
00000000
00000000
00000000
00000000
00000000
00000000
00000000
00000000
00000000
00000000
00000000
00000000
00000000
00000000
00000000
00000000
00000000
00000000
00000000
00000000
00000000
00000000
00000000
00000000
00000000
00000000
00000000
00000000
00000000
00000000
00000000
00000000
00000000
00000000
00000000
00000000
00000000
00000000
00000000
00000000
00000000
00000000
00000000
00000000
00000000
00000000
00000000
00000000
00000000
00000000
00000000
00000000
00000000
00000000
00000000
00000000
00000000
00000000
00000000
00000000
00000000
00000000
00000000
00000000
00000000
00000000
00000000
00000000
00000000
00000000
00000000
00000000
00000000
00000000
00000000
00000000
00000000
00000000
00000000
00000000
00000000
00000000
00000000
00000000
00000000
00000000
00000000
00000000
00000000
00000000
00000000
00000000
00000000
00000000
00000000
00000000
00000000
00000000
00000000
00000000
00000000
00000000
00000000
00000000
00000000
00000000
00000000
00000000
00000000
00000000
00000000
00000000
00000000
00000000
00000000
00000000
00000000
00000000
00000000
00000000
00000000
00000000
00000000
00000000
00000000
00000000
00000000
00000000
00000000
00000000
00000000
00000000
00000000
00000000
00000000
00000000
00000366
00000000
00000000
00000000
00000000
00000000
00000000
00000000
00000000
00000000
00000000
00000000
00000000
00000000
00000000
00000000
00000000
00000000
00000000
00000000
00000000
000002ac
0000031e
00000000
00000000
00000000
00000000
00000000
00000432
00000000
00000000
00000000
00000000
00000000
00000000
00000000
00000000
00000000
00000000
00000000
00000000
000004dc
00000000
00000000
00000000
00000000
00000000
00000000
00000000
00000000
00000000
00000000
00000000
00000000
00000000
00000000
00000000
00000000
00000000
00000000
00000000
00000000
00000000
00000000
00000000
00000000
00000000
00000000
00000000
00000000
00000000
00000000
00000000
00000000
00000000
00000000
00000000
00000000
00000000
00000000
00000000
00000000
00000000
00000000
00000000
00000000
00000000
00000000
00000000
00000000
00000000
00000000
00000000
00000000
00000000
00000000
00000000
00000000
00000000
00000000
00000000
0000fd4c
00000000
00000000
00000000
0000fbd0
00000000
0000fe69
00000000
00000000
00000000
00000000
00000000
00000000
00000000
0000fff7
00000000
00000000
00000000
00000000
00000000
00000000
00000000
00000000
00000000
00000000
00000000
00000000
00000000
00000000
00000000
00000000
00000000
00000000
00000000
00000000
00000000
0000fb2f
00000000
00000000
0000fc03
0000fee6
00000000
00000000
00000000
00000000
00000000
00000043
00000071
000000bc
000004ee
00000389
00000000
00000000
00000513
00000000
000001ed
00000000
00000000
00000000
0000072b
00000000
0000011d
00000024
00000000
00000000
00000000
00000000
00000122
00000000
00000000
000005f0
00000000
000003b7
00000000
00000000
0000004a
00000167
00000000
00000000
00000000
00000000
00000076
00000000
00000000
00000000
0000088b
00000484
00000000
000004d5
00000156
00000000
00000000
00000000
00000000
00000294
00000362
00000000
00000000
00000000
00000000
00000000
00000000
00000000
00000000
00000000
00000000
00000000
00000000
00000000
00000000
00000000
00000000
00000000
00000000
00000000
00000000
000002a9
00000319
00000000
00000000
00000000
00000000
00000000
0000042c
00000000
00000000
00000000
00000000
00000000
00000000
00000000
00000000
00000000
00000000
00000000
00000000
000004d6
00000000
00000000
00000000
00000000
00000000
00000000
00000000
00000000
00000000
00000000
00000000
00000000
00000000
00000000
00000000
00000000
00000000
00000000
00000000
00000000
00000000
00000000
00000000
00000000
00000000
00000000
00000000
00000000
00000000
00000000
00000000
00000000
00000000
00000000
00000000
00000000
00000000
00000000
00000000
00000000
00000000
00000000
00000000
00000000
00000000
00000000
00000000
00000000
00000000
00000000
00000000
00000000
00000000
00000000
00000000
00000000
00001e57
00002d0a
00008b08
00005280
000025d9
00005ee4
00009fd0
0000197d
0000bf4b
00007781
00000000
0000796c
00007cf9
00006cae
00006778
0000ba1b
0000033c
00005e2e
0000787c
0000943a
00002460
000037ff
00007edc
00000f8a
00009ab8
00009143
0000295a
0000583e
00006c43
00003e7d
0000692e
000076ab
000054ff
00004215
00005d88
00000000
00006a6c
000084d0
00007917
00003ff9
000058a3
00002ffb
00005ce0
00004172
000018c2
00000000
00006e97
0000188f
00001985
00000000
00000000
00000000
0000006f
00000012
00000000
00000000
00000154
000006eb
0000003b
00000000
00000000
00000000
00000000
00000666
00000a6b
0000001c
00000000
00000000
00000000
00000000
00000000
00000000
00000000
00000049
0000036b
00000007
00000000
00000000
00000000
00000000
00000342
0000052d
0000000c
00000000
00000000
00000000
00000000
00000000
000000b2
00000000
00000000
00000093
00000028
00000000
00000000
00000000
00000000
00000000
00000000
0000f764
0000f694
00000000
0000fbe6
0000f976
00000000
0000f8a7
00000000
00000000
00000000
00000000
00000000
00000000
00000000
00000000
0000fff9
00000000
0000ff7c
00000000
0000fa27
00000000
0000faf1
00000000
0000f8ca
0000fbc2
0000f720
00000000
00000000
0000fcd1
0000f3bd
00000000
0000fe6c
00000000
00000000
0000fbb5
0000ffb3
00000000
0000ffc4
00000000
0000f999
00000000
00000000
00000000
00000000
00000000
0000fc03
00000000
00000000
00000000
00000000
00000000
00000000
00000000
00000000
00000000
00000000
00000000
00000000
00000000
00000000
00000000
00000000
00000000
00000000
00000000
00000000
00000000
00000000
00000000
00000000
00000000
00000000
00000000
00000000
00000000
00000000
00000000
00000000
00000000
00000000
00000000
00000000
00000000
00000000
00000000
00000000
00000000
00000000
00000000
00000000
00000000
00000000
00000000
00000000
00000000
00000000
00000000
000009e2
00000000
00000000
00000000
00000000
00000000
00000000
00000000
00000000
00000000
00000000
00000000
00000000
00000000
00000000
00000000
00000000
00000000
00000000
00000000
00000000
000007c6
0000090f
00000000
00000000
00000000
00000000
00000000
00000c31
00000000
00000000
00000000
00000000
00000000
00000000
00000000
00000000
00000000
00000000
00000000
00000000
00000e20
00000000
00000000
00000000
00000000
00000000
00000000
00000000
00000000
00000000
00000000
00000000
00000000
000007aa
00000000
00000000
00000000
00000000
00000000
00000000
00000000
00000000
00000000
00000000
00000000
00000000
00000000
00000000
00000000
00000000
00000000
00000000
00000000
00000000
00000000
00000000
00000000
0000006c
00000000
00000000
00000007
00000000
00000000
00000000
00000000
00000000
00000000
00000000
00000000
00000000
00000000
00000000
00000000
00000000
00000000
00000000
00000000
00000000
0000f4f8
0000f3ee
00000000
0000fabe
0000f79f
00000000
0000f695
00000000
00000000
00000000
00000000
00000000
00000000
00000000
00000000
0000fff7
00000000
0000ff56
00000000
0000f882
00000000
0000f984
00000000
0000f6c2
0000fa91
0000f4a1
00000000
00000000
0000fbeb
0000f049
00000000
0000fdfa
00000000
00000000
0000fa80
0000ff9e
00000000
0000ffb3
00000000
0000f7cb
00000000
00000000
00000000
00000000
00000000
0000fae4
00000000
00000000
00000000
00000000
00000000
00000000
00000000
00000000
00000000
00000000
00000000
00000000
00000000
00000000
00000000
00000000
00000000
00000000
00000000
00000000
00000000
00000000
00000000
00000000
00000000
00000000
00000000
00000000
00000000
00000000
00000000
00000000
00000000
00000000
00000000
00000000
00000000
00000000
00000000
00000000
00000000
00000000
00000000
00000000
00000000
00000000
00000000
00000000
00000000
00000000
00000000
00000000
0000fe57
0000fe2e
00000000
0000ff35
0000febd
00000000
0000fe95
00000000
00000000
00000000
00000000
00000000
00000000
00000000
00000000
0000ffff
00000000
0000ffe7
00000000
0000fedf
00000000
0000ff06
00000000
0000fe9c
0000ff2f
0000fe49
00000000
00000000
0000ff63
0000fda2
00000000
0000ffb2
00000000
00000000
0000ff2c
0000fff2
00000000
0000fff5
00000000
0000fec4
00000000
00000000
00000000
00000000
00000000
0000ff3b
00000000
00000000
0000fdc5
0000fcb0
0000f5c7
0000f3c9
0000fd38
0000f906
0000f43f
0000f49c
0000f1ef
0000f398
00000000
0000f712
0000f6cf
0000f802
0000f864
0000f250
0000ffc4
0000f913
0000f724
0000f51a
0000fd54
0000fbe2
0000f6ac
0000fedc
0000f49f
0000f551
0000fcf6
0000f983
0000f80a
0000fb68
0000f844
0000f746
0000f9c0
0000fb24
0000f91f
00000000
0000f82d
0000f63c
0000f719
0000f05b
0000f97c
0000fc79
0000f01c
0000f8ae
0000fe2e
00000000
0000f7de
0000fe32
0000fe20
00000000
00000000
00000000
00000000
00000000
00000000
00000000
00000000
00000000
00000000
00000000
00000000
00000000
00000000
00000000
00000000
00000000
00000000
00000000
00000000
00000000
00000000
00000000
00000000
00000000
00000000
00000000
00000000
00000000
00000000
00000000
00000000
00000000
00000000
00000000
00000000
00000000
00000000
00000000
00000000
00000000
00000000
00000000
00000000
00000000
00000000
00000000
00000000
00000000
00000023
0000043b
000003f2
0000065e
000003fd
00000bba
00000259
00000afb
000009c0
000003bf
00000000
00000000
000000ec
00000c54
00000147
00000000
00000000
000001b2
00000000
00000000
00000000
00000000
00000000
00000592
000000cd
00000167
00000000
00000420
00000000
00000000
00000000
0000012e
00000614
0000033e
00000278
00000000
00000000
000005e8
000003af
000010b8
000008b4
00000000
00000a85
00000299
00000000
00000000
0000003a
00000000
00000000
00000000
00000000
00000000
00000000
00000000
00000000
00000000
00000000
00000000
00000000
00000000
00000000
00000000
00000000
00000000
00000000
00000000
00000000
00000000
00000000
00000000
00000000
00000000
00000000
00000000
00000000
00000000
00000000
00000000
00000000
00000000
00000000
00000000
00000000
00000000
00000000
00000000
00000000
00000000
00000000
00000000
00000000
00000000
00000000
00000000
00000000
00000000
00000000
00000000
00000000
00000000
00000000
0000fffb
0000fff8
0000fba6
00000000
0000ffa9
0000fcbf
00000000
00000000
00000000
00000000
00000000
0000fcfe
0000fb19
0000fff3
00000000
00000000
00000000
00000000
00000000
00000000
00000000
0000ffde
0000fe64
0000fffd
00000000
00000000
0000ffc3
00000000
0000fe78
0000fd8d
0000fffb
00000000
00000000
00000000
00000000
00000000
00000000
00000000
00000000
00000000
00000000
00000000
00000000
00000000
00000000
00000000
0000ff79
0000efd9
0000f0f1
00000000
0000f0c6
0000d33e
0000f70a
0000fbb6
0000dac8
00000000
00000000
00000000
0000fc78
0000d0ef
0000fb1d
00000000
00000000
0000f987
00000000
00000000
00000000
00000000
00000000
0000eabb
0000fcee
0000faa3
00000000
0000f040
00000000
00000000
00000000
0000fb7f
0000e8cd
0000f39e
0000f693
00000000
00000000
0000e975
0000f1f1
0000eb6f
0000dec8
00000000
0000fbac
00000000
00000000
00000000
0000ff21
00000000
00000000
0000fffc
0000ff6e
0000ff78
00000000
0000ff76
0000fe6b
0000ffaf
0000ffda
0000feaf
00000000
00000000
00000000
0000ffe0
0000fe56
0000ffd4
00000000
00000000
0000ffc6
00000000
00000000
00000000
00000000
00000000
0000ff40
0000ffe5
0000ffd0
00000000
0000ff72
00000000
00000000
00000000
0000ffd8
0000ff2e
0000ff90
0000ffab
00000000
00000000
0000ff34
0000ff81
0000ff46
0000fed3
00000000
0000ffd9
00000000
00000000
00000000
0000fff9
00000000
00000000
00000000
00000000
00000000
00000000
00000000
00000000
00000000
00000000
00000000
00000000
00000000
00000000
00000000
00000000
00000000
00000000
00000000
00000000
00000000
00000000
00000000
00000000
00000000
00000000
00000000
00000000
00000000
00000000
00000000
00000000
00000000
00000000
00000000
00000000
00000000
00000000
00000000
00000000
00000000
00000000
00000000
00000000
00000000
00000000
00000000
00000000
00000000
00000000
00000000
0000fdf4
00000000
00000000
00000000
00000000
00000000
00000000
00000000
00000000
00000000
00000000
00000000
00000000
00000000
00000000
00000000
00000000
00000000
00000000
00000000
00000000
0000fe64
0000fe20
00000000
00000000
00000000
00000000
00000000
0000fd79
00000000
00000000
00000000
00000000
00000000
00000000
00000000
00000000
00000000
00000000
00000000
00000000
0000fd12
00000000
00000000
00000000
00000000
00000000
00000000
00000000
00000000
00000000
00000000
00000000
00000000
00000000
00000000
00000000
00000000
00000000
00000000
00000000
00000000
00000000
00000000
00000000
00000000
00000000
00000000
00000000
00000000
00000000
00000000
00000000
00000000
00000000
00000000
00000000
00000000
00000000
00000000
00000000
00000000
00000000
00000000
00000000
00000000
00000000
00000000
00000000
00000000
00000000
00000000
00000000
00000000
00000000
00000000
00000000
00000000
00000000
00000000
00000000
00000000
00000000
00000000
00000000
00000000
00000000
00000000
00000000
00000000
00000000
00000000
00000000
00000000
00000000
00000000
00000000
00000000
00000000
00000000
00000000
00000000
00000000
00000000
00000000
00000000
00000000
00000000
00000000
00000000
00000000
00000000
00000000
00000000
00000000
00000000
00000000
00000000
00000000
00000000
00000000
00000000
00000000
00000000
00000000
00000000
00000000
00000000
00000000
00000000
00000000
00000000
0000fd93
00000000
00000000
00000000
00000000
00000000
00000000
00000000
00000000
00000000
00000000
00000000
00000000
00000000
00000000
00000000
00000000
00000000
00000000
00000000
00000000
00000000
00000000
00000000
0000ffde
00000000
00000000
0000fffe
00000000
00000000
00000000
00000000
00000000
00000000
00000000
00000000
00000000
00000000
00000000
00000000
00000000
00000000
00000000
00000000
00000000
00000000
000005c6
00000005
00000009
00000000
00000000
00000060
000005d8
00000000
00000000
00000000
00000000
00000000
00000351
00000566
0000000e
00000000
00000000
00000000
00000000
00000270
00000000
00000000
00000086
000001c5
00000004
00000000
00000000
00000000
00000000
000001b0
000002ae
00000006
00000000
00000290
000001bc
00000000
00000000
00000000
00000000
00000000
00000a77
0000020b
00000000
00000000
00000314
00000000
00000000
0000fd88
00000000
00000000
00000000
00000000
00000000
00000000
00000000
00000000
00000000
00000000
00000000
00000000
00000000
00000000
00000000
00000000
00000000
00000000
00000000
00000000
0000fe0f
0000fdbd
00000000
00000000
00000000
00000000
00000000
0000fcf5
00000000
00000000
00000000
00000000
00000000
00000000
00000000
00000000
00000000
00000000
00000000
00000000
0000fc79
00000000
00000000
00000000
00000000
00000000
00000000
00000000
00000000
00000000
00000000
00000000
00000000
00000344
00000000
00000000
00000000
00000000
00000000
00000000
00000000
00000000
00000000
00000000
00000000
00000000
00000000
00000000
00000000
00000000
00000000
00000000
00000000
00000000
00000000
00000000
00000000
0000002e
00000000
00000000
00000003
00000000
00000000
00000000
00000000
00000000
00000000
00000000
00000000
00000000
00000000
00000000
00000000
00000000
00000000
00000000
00000000
00000000
00000000
00000000
00000000
00000000
00000000
00000000
00000000
00000000
00000000
00000000
00000000
00000000
00000000
00000000
00000000
00000000
00000000
00000000
00000000
00000000
00000000
00000000
00000000
00000000
00000000
00000000
00000000
00000000
00000000
00000000
00000000
00000000
00000000
00000000
00000000
00000000
00000000
00000000
00000000
00000000
00000000
00000000
00000000
00000000
00000000
00000000
00000000
00000000
00000000
00000000
00000000
00000000
00000000
00000000
00000000
00000000
00000000
00000000
00000000
00000000
00000000
00000000
00000000
00000000
00000000
00000000
00000000
00000000
00000000
00000000
00000000
00000000
00000000
00000000
00000000
00000000
00000000
00000000
00000000
00000000
00000000
00000000
00000000
00000000
00000000
00000000
00000000
00000000
00000000
00000000
00000000
00000000
00000000
00000000
00000000
00000000
00000000
00000574
00000819
000018ff
00000ed5
000006ce
0000110f
00001cbc
00000495
00002265
0000157c
00000000
000015d5
00001678
0000138a
0000129a
00002176
00000094
000010ef
000015aa
00001aa7
0000068a
00000a11
000016cf
000002cb
00001bd1
00001a1e
0000076f
00000fdd
00001377
00000b3c
000012e9
00001556
00000f48
00000be1
000010d1
00000000
00001322
000017e1
000015c5
00000b80
00000ff0
000008a0
000010b3
00000bc4
00000473
00000000
000013e2
0000046a
00000496
00000000
00000000
00000000
00000000
00000000
00000000
00000000
00000000
00000000
00000000
00000000
00000000
00000000
00000000
00000000
00000000
00000000
00000000
00000000
00000000
00000000
00000000
00000000
00000000
00000000
00000000
00000000
00000000
00000000
00000000
00000000
00000000
00000000
00000000
00000000
00000000
00000000
00000000
00000000
00000000
00000000
00000000
00000000
00000000
00000000
00000000
00000000
00000000
00000000
00000000
00000000
00000000
00000000
00000000
00000000
00000000
00000000
00000000
00000000
00000000
00000000
00000000
00000000
00000000
00000000
00000000
00000000
00000000
00000000
00000000
00000000
00000000
00000000
00000000
00000000
00000000
00000000
00000000
00000000
00000000
00000000
00000000
00000000
00000000
00000000
00000000
00000000
00000000
00000000
00000000
00000000
00000000
00000000
00000000
00000000
00000000
00000000
00000000
00000018
00000023
0000006e
00000041
0000001e
0000004b
0000007f
00000014
00000098
0000005f
00000000
00000060
00000063
00000056
00000052
00000094
00000002
0000004a
0000005f
00000075
0000001c
0000002c
00000064
0000000c
0000007b
00000073
00000020
00000046
00000056
00000031
00000053
0000005e
00000043
00000034
0000004a
00000000
00000054
00000069
00000060
00000032
00000046
00000026
00000049
00000034
00000013
00000000
00000057
00000013
00000014
