00000000
00000000
00000000
00000000
00000000
00000000
00000000
00000000
00000000
00000000
00000000
00000000
00000000
00000000
00000000
00000000
00000000
00000000
00000000
00000000
00000000
00000000
00000000
00000000
00000000
00000000
00000000
00000000
00000000
00000000
00000000
00000000
00000000
00000000
00000000
00000000
00000000
00000000
00000000
00000000
00000000
00000000
00000000
00000000
00000000
00000000
00000000
00000000
00000000
00000000
00000000
00000000
00000000
00000000
00000000
00000000
00000000
00000000
00000000
00000000
00000000
00000000
00000000
00000000
00000000
00000000
00000000
00000000
00000000
00000000
00000000
00000000
00000000
00000000
00000000
00000000
00000000
00000000
00000000
00000000
00000000
00000000
00000000
00000000
00000000
00000000
00000000
00000000
00000000
00000000
00000000
00000000
00000000
00000000
00000000
00000000
00000000
00000000
00000000
00000000
00000000
00000000
00000000
00000000
00000000
00000000
00000000
00000000
00000000
00000000
00000000
00000000
00000000
00000000
00000000
00000000
00000000
00000000
00000000
00000000
00000000
00000000
00000000
00000000
00000000
00000000
00000000
00000000
00000000
00000000
00000000
00000000
00000000
00000000
00000000
00000000
00000000
00000000
00000000
00000000
00000000
00000000
00000000
00000000
00000000
00000000
00000000
0000d27c
0000e5a3
0000f9e8
0000e376
0000f522
0000e2b3
00000000
0000636c
0000b5f8
0000c150
0000cee6
0000bc5d
0000bbf2
0000fffb
0000b40f
0000b134
0000c3e1
0000d5dd
00009a2e
0000de18
00000000
0000987b
0000ce76
0000ef80
0000d9b9
0000989e
0000dbdd
00000000
00009aaa
0000ccd7
0000f4c6
0000b523
0000d821
0000f522
0000dcea
00007356
0000dd37
0000d4ed
0000ae65
0000e108
0000d0ea
0000e96e
0000ced5
00000000
0000d1d6
0000ca46
0000f92e
0000b665
0000e141
00000000
00000000
00000000
00000000
00000000
00000000
00000000
00000000
00000000
00000000
00000000
00000000
00000000
00000000
00000000
00000000
00000000
00000000
00000000
00000000
00000000
00000000
00000000
00000000
00000000
00000000
00000000
00000000
00000000
00000000
00000000
00000000
00000000
00000000
00000000
00000000
00000000
00000000
00000000
00000000
00000000
00000000
00000000
00000000
00000000
00000000
00000000
00000000
00000000
00000000
00000000
00000000
00000000
00000000
00000000
00000000
00000000
00000000
00000000
00000000
00000000
00000000
00000000
00000000
00000000
00000000
00000000
00000000
00000000
00000000
00000000
00000000
00000000
00000000
00000000
00000000
00000000
00000000
00000000
00000000
00000000
00000000
00000000
00000000
00000000
00000000
00000000
00000000
00000000
00000000
00000000
00000000
00000000
00000000
00000000
00000000
00000000
00000000
00000e9f
00000878
000001f5
0000092b
0000037e
0000096a
00000000
0000324e
000017c9
00001424
00000fc6
000015bb
000015dd
00000001
00001866
00001951
00001351
00000d8a
000020b7
00000ae4
00000000
00002142
00000fea
0000054d
00000c4c
00002137
00000b9c
00000000
0000208f
0000106f
0000039b
0000180d
00000ccf
0000037e
00000b45
00002d32
00000b2d
00000dd7
00001a38
000009f3
00000f21
00000740
00000fcc
00000000
00000ed5
00001143
00000231
000017a6
000009e1
00000000
00000000
00000000
00000000
00000000
00000000
00000000
00000000
00000000
00000000
00000000
00000000
00000000
00000000
00000000
00000000
00000000
00000000
00000000
00000000
00000000
00000000
00000000
00000000
00000000
00000000
00000000
00000000
00000000
00000000
00000000
00000000
00000000
00000000
00000000
00000000
00000000
00000000
00000000
00000000
00000000
00000000
00000000
00000000
00000000
00000000
00000000
00000000
00000000
00000000
00000000
00000000
00000000
00000000
00000000
00000000
00000000
00000000
00000000
00000000
00000000
00000000
00000000
00000000
00000000
00000000
00000000
00000000
00000000
00000000
00000000
00000000
00000000
00000000
00000000
00000000
00000000
00000000
00000000
00000000
00000000
00000000
00000000
00000000
00000000
00000000
00000000
00000000
00000000
00000000
00000000
00000000
00000000
00000000
00000000
00000000
00000000
00000000
00000000
00000000
00000000
00000000
00000000
00000000
00000000
00000000
00000000
00000000
00000000
00000000
00000000
00000000
00000000
00000000
00000000
00000000
00000000
00000000
00000000
00000000
00000000
00000000
00000000
00000000
00000000
00000000
00000000
00000000
00000000
00000000
00000000
00000000
00000000
00000000
00000000
00000000
00000000
00000000
00000000
00000000
00000000
00000000
00000000
00000000
00000000
00000000
00000000
00000000
00000000
00000000
00000000
00000000
00000000
00000000
00000000
00000000
00000000
00000000
00000000
00000000
00000000
0000004d
00000000
00000000
00000000
00000000
00000000
00000063
00000000
00000000
000001c4
00000000
00000000
000000c7
00000000
00000000
00000000
00000000
00000000
00000000
00000000
00000000
00000000
00000000
00000000
00000000
00000000
00000000
00000000
00000000
00000000
00000092
000001e0
00000000
000000f9
00000000
000012e0
00000bc7
00001255
00000e76
00001e91
00001e44
00000000
000021cb
00000d9c
00000e7f
00000c29
00001613
00001518
000000c5
0000168f
0000187b
00000b5a
00001f9d
00002725
00000f6a
000000ea
000018da
00002469
00002377
000012e5
00001e8b
00000b62
0000065f
00000e7b
00000ee0
0000158a
0000103c
00000b6d
00000c6a
00000662
00001e19
00001be9
00002166
00002378
00001428
00000d47
00001136
00001114
00000000
00000000
00000000
0000064c
00000393
000002da
00000000
00000000
00000000
00000000
00000000
00000000
00000000
00000000
00000000
00000000
00000000
00000000
00000000
00000000
00000000
00000000
00000000
00000000
00000000
00000000
00000000
00000000
00000000
00000000
00000000
00000000
00000000
00000000
00000000
00000000
00000000
00000000
00000000
00000000
00000000
00000000
00000000
00000000
00000000
00000000
00000000
00000000
00000000
00000000
00000000
00000000
00000000
00000000
00000000
000002f0
000001b3
00000064
000001d7
000000b3
000001e4
00000000
00000a1c
000004c7
0000040c
0000032b
0000045e
00000464
00000000
000004e7
00000516
000003e1
000002b8
00000693
00000230
00000000
000006af
00000332
00000110
00000278
000006ac
00000255
00000000
0000068b
0000034d
000000b9
000004d5
00000293
000000b3
00000243
00000915
0000023f
000002c8
00000545
000001ff
0000030a
00000175
0000032c
00000000
000002fb
00000378
00000070
000004c0
000001fc
00000000
00000000
00000000
00000000
00000000
00000000
00000000
00000000
00000000
00000000
00000000
00000000
00000000
00000000
00000000
00000000
00000000
00000000
00000000
00000000
00000000
00000000
00000000
00000000
00000000
00000000
00000000
00000000
00000000
00000000
00000000
00000000
00000000
00000000
00000000
00000000
00000000
00000000
00000000
00000000
00000000
00000000
00000000
00000000
00000000
00000000
00000000
00000000
00000000
00000000
00000000
00000000
00000000
00000000
00000000
00000000
00000000
00000000
00000000
00000000
00000000
00000000
00000000
00000000
00000000
00000000
00000000
00000000
00000000
00000000
00000000
00000000
00000000
00000000
00000000
00000000
00000000
00000000
00000000
00000000
00000000
00000000
00000000
00000000
00000000
00000000
00000000
00000000
00000000
00000000
00000000
00000000
00000000
00000000
00000000
00000000
00000000
00000000
00000000
00000000
00000000
00000000
00000000
00000000
00000000
00000000
00000000
00000000
00000000
00000000
00000000
00000000
00000000
00000000
00000000
00000000
00000000
00000000
00000000
00000000
00000000
00000000
00000000
00000000
00000000
00000000
00000000
00000000
00000000
00000000
00000000
00000000
00000000
00000000
00000000
00000000
00000000
00000000
00000000
00000000
00000000
00000000
00000000
00000000
00000000
00000000
00000000
0000029f
00000077
00000a98
000008be
000009a2
00000cea
0000122b
00000c50
00000ef7
0000062a
00000c4a
00001057
00000be7
00000201
00000000
000006c4
00000ccc
00000a98
0000033e
000003b0
00000404
000004a5
00000eb9
0000056b
000002af
0000083c
00000f6a
00000563
00000541
00000284
00001135
00000826
00000479
000005be
00000798
00000bc3
00000530
00000687
00000f4b
00000c97
00000e12
0000090f
00000000
00000fee
00000003
0000056b
000008a6
0000094d
00000cd2
0000f305
0000d814
0000d705
0000e8cd
0000dedf
0000ebcf
0000ddde
00000000
0000e056
0000e5ed
0000e4ff
0000f292
0000d76d
0000dd9b
0000f262
0000ed83
0000e202
0000f05a
00000000
0000cbf7
0000e037
0000f7a3
0000d890
0000d8e1
0000f969
0000f095
0000df10
0000e7d6
0000fbd7
0000d6e7
0000eb4e
0000f6a0
0000de77
0000eeec
0000eca2
0000f7d5
0000d667
0000fb91
0000e922
0000df50
0000f759
0000d075
0000ef28
0000e1e1
00000000
0000f3a3
0000ee54
0000fbdf
0000d7c0
00000000
00000000
00000000
00000000
00000000
00000000
00000000
00000000
00000000
00000000
00000000
00000000
00000000
00000000
00000000
00000000
00000000
00000000
00000000
00000000
00000000
00000000
00000000
00000000
00000000
00000000
00000000
00000000
00000000
00000000
00000000
00000000
00000000
00000000
00000000
00000000
00000000
00000000
00000000
00000000
00000000
00000000
00000000
00000000
00000000
00000000
00000000
00000000
00000000
00000000
00000000
00000000
00000000
00000000
00000000
00000000
00000000
00000000
00000000
00000000
00000000
00000000
00000000
00000000
00000000
00000000
00000000
00000000
00000000
00000000
00000000
00000000
00000000
00000000
00000000
00000000
00000000
00000000
00000000
00000000
00000000
00000000
00000000
00000000
00000000
00000000
00000000
00000000
00000000
00000000
00000000
00000000
00000000
00000000
00000000
00000000
00000000
00000000
00000000
00000000
00000000
00000000
00000000
00000000
00000000
00000000
00000000
00000000
00000000
00000000
00000000
00000000
00000000
00000000
00000000
00000000
00000000
00000000
00000000
00000000
00000000
00000000
00000000
00000000
00000000
00000000
00000000
00000000
00000000
00000000
00000000
00000000
00000000
00000000
00000000
00000000
00000000
00000000
00000000
00000000
00000000
00000000
00000000
00000000
00000000
00000000
00000000
00000000
00000000
00000000
00000000
00000000
00000000
00000000
00000000
00000000
00000000
00000000
00000000
00000000
00000000
00000000
00000000
00000000
00000000
00000000
00000000
00000000
00000000
00000000
00000000
00000000
00000000
00000000
00000000
00000000
00000000
00000000
00000000
00000000
00000000
00000000
00000000
00000000
00000000
00000000
00000000
00000000
00000000
00000000
00000000
00000000
00000000
00000000
00000000
00000000
00000000
00000000
00000000
00000000
00000000
00000000
00000000
00000000
00000000
00000000
00000000
00000000
00000000
00000000
00000000
00000000
00000000
00000000
00000000
00000000
00000000
00000000
00000000
00000000
00000000
00000000
00000000
00000000
00000000
00000000
00000000
00000000
00000000
00000000
00000000
00000000
00000000
00000000
00000000
00000000
00000000
00000000
00000000
00000000
00000000
00000000
00000000
00000000
00000000
00000000
00000000
00000000
00000000
00000000
00000000
00000000
00000000
00000000
00000000
00000000
00000000
00000000
00000000
00000000
00000000
00000000
00000000
00000000
00000000
00000000
00000000
00000000
00000000
00000000
00000000
00000000
00000000
00000000
00000000
00000000
00000000
00000000
00000000
00000000
00000000
00000000
00000000
00000000
00000000
00000000
00000000
00000000
00000000
00000000
00000000
00000000
00000000
00000000
000002c6
00000887
000008c1
000004f5
00000714
00000450
0000074b
00000000
000006c3
00000592
000005c5
000002de
000008ab
00000759
000002e8
000003f3
00000668
00000357
00000000
00000b1e
000006ca
000001c9
0000086d
0000085b
00000168
0000034b
00000709
00000529
000000e3
000008c8
0000046c
00000200
0000072a
000003a6
00000423
000001be
000008e3
000000f2
000004e2
000006fc
000001d9
00000a28
00000399
0000066f
00000000
000002a4
000003c6
000000e1
00000899
00000000
00000000
00000000
00000000
00000000
00000000
00000000
00000000
00000000
00000000
00000046
00000000
00000000
000000a4
00000000
00000000
000000e7
0000001e
00000000
00000000
00000000
00000000
0000001e
0000003a
00000000
00000000
00000000
000000f0
00000000
00000000
00000000
00000000
00000000
00000098
000000a3
00000000
00000000
00000000
0000008c
0000009b
00000000
00000000
00000000
000000da
000000fb
00000000
00000000
00000000
000000df
00000000
00000000
00000000
00000000
00000000
00000000
00000000
00000000
00000000
00000000
00000000
00000000
00000000
00000000
00000000
00000000
00000000
00000000
00000000
00000000
00000000
00000000
00000000
00000000
00000000
00000000
00000000
00000000
00000000
00000000
00000000
00000000
00000000
00000000
00000000
00000000
00000000
00000000
00000000
00000000
00000000
00000000
00000000
00000000
00000000
00000000
00000000
00000000
00000000
00000000
00000000
00000000
00000000
00000000
00000000
00000004
00000000
00000000
00000000
00000000
00000000
00000000
00000064
00000000
00000000
00000000
00000000
00000000
00000000
00000016
00000000
00000000
00000000
00000000
00000000
00000000
00000099
00000000
00000026
00000000
00000000
00000000
00000000
0000003c
00000000
00000017
00000000
00000000
00000000
00000000
00000066
00000000
00000011
00000000
00000000
00000000
00000000
00000000
00000000
00000000
00000000
00000000
00000000
00000000
00000000
00000000
00000000
00000000
00000000
00000000
00000000
00000000
00000000
00000000
00000000
00000000
00000000
00000000
00000000
00000000
00000000
00000000
00000000
00000000
00000000
00000000
00000000
00000000
00000000
00000000
00000000
00000000
00000000
00000000
00000000
00000000
00000000
00000000
00000000
00000000
00000000
00000000
00000000
00000000
00000000
00000000
00000000
00000000
00000000
00000000
00000000
00000000
00000000
00000000
00000000
00000000
00000000
00000000
00000000
00000000
00000000
00000000
00000000
00000000
00000000
00000000
00000000
00000000
00000000
00000000
00000000
00000000
00000000
00000000
00000000
00000000
00000000
00000000
00000000
00000000
00000000
00000000
00000000
00000000
00000000
00000000
00000000
00000000
00000000
00000000
00000000
00000000
00000000
00000000
00000000
00000000
00000000
00000000
00000000
00000000
00000000
00000000
00000000
00000000
00000000
00000000
00000000
00000000
00000000
00000000
00000000
00000000
00000000
00000000
00000000
00000000
00000000
00000000
00000000
00000000
00000000
00000000
00000000
00000000
00000000
00000000
00000000
00000000
00000000
00000000
00000000
00000000
00000000
00000000
00000000
00000000
00000000
00000000
00000000
00000000
00000000
00000000
00000000
00000000
00000000
00000000
00000000
00000000
00000000
00000000
00000000
00000000
00000000
00000000
00000000
00000000
00000000
00000000
00000000
00000000
00000000
00000000
00000000
00000000
00000000
00000000
00000000
00000000
00000000
00000000
00000000
00000000
00000000
00000000
00000000
00000000
00000000
00000000
00000000
00000000
00000000
00000000
00000000
00000000
00000000
00000000
00000000
00000000
00000000
00000000
00000000
00000000
00000000
00000000
00000000
00000000
00000000
00000000
00000000
00000000
00000000
00000000
00000000
00000000
00000000
00000000
00000000
00000000
00000000
00000000
00000000
00000000
00000000
00000000
00000000
00000000
00000000
00000000
00000000
00000000
00000000
00000000
00000000
00000000
00000000
00000000
00000000
00000000
00000000
00000000
00000000
00000000
00000000
00000000
00000000
00000000
00000000
00000000
00000000
00000000
00000000
00000000
00000000
0000f5c7
0000f1ac
0000f30e
0000f27e
0000f1fc
0000f1d7
0000f8a4
0000f581
0000f515
0000f38b
0000f0fb
0000f0fc
0000efa6
0000f79a
0000f461
0000f7c2
0000f512
0000f284
0000f063
0000eff0
0000f7fe
0000f72f
0000f93d
0000f80a
0000f76b
0000f238
0000f073
0000f7a7
0000f6ad
0000f537
0000f86c
0000f7d6
0000f376
0000f2c6
0000f983
0000f7d5
0000f51f
0000f49c
0000f186
0000f285
0000f39d
0000fafe
0000fbb4
0000fae5
0000f9e3
0000f6e8
0000f77a
0000f99c
0000fd9d
00000000
00000000
00000000
00000000
00000000
00000000
00000000
00000000
00000000
00000000
00000000
00000000
00000000
00000000
00000000
00000000
00000000
00000000
00000000
00000000
00000000
00000000
00000000
00000000
00000000
00000000
00000000
00000000
00000000
00000000
00000000
00000000
00000000
00000000
00000000
00000000
00000000
00000000
00000000
00000000
00000000
00000000
00000000
00000000
00000000
00000000
00000000
00000000
00000000
00000000
00000000
00000000
00000000
00000000
00000000
00000000
00000000
00000000
00000000
00000000
00000000
00000000
00000000
00000000
00000000
00000000
00000000
00000000
00000000
00000000
00000000
00000000
00000000
00000000
00000000
00000000
00000000
00000000
00000000
00000000
00000000
00000000
00000000
00000000
00000000
00000000
00000000
00000000
00000000
00000000
00000000
00000000
00000000
00000000
00000000
00000000
00000000
00000000
00000000
00000000
00000000
00000000
00000000
00000000
00000000
00000000
00000000
00000000
00000000
00000000
00000000
00000000
00000000
00000000
00000000
00000000
00000000
00000000
00000000
00000000
00000000
00000000
00000000
00000000
00000000
00000000
00000000
00000000
00000000
00000000
00000000
00000000
00000000
00000000
00000000
00000000
00000000
00000000
00000000
00000000
00000000
00000000
00000000
00000000
00000000
00000000
00000000
00000000
00000000
00000000
00000000
00000000
00000000
00000000
00000000
00000000
00000000
00000000
00000000
00000000
00000000
00000000
00000000
00000000
00000000
00000000
00000000
00000000
00000000
00000000
00000000
00000000
00000000
00000000
00000000
00000000
00000000
00000000
00000000
00000000
00000000
00000000
00000000
00000000
00000000
00000000
00000000
00000000
00000000
00000000
00000000
00000000
00000000
00000000
00000000
00000000
0000021a
000005bd
000005be
000008e1
00000cb9
00000833
00000685
00000821
00000886
0000054c
00000b6d
00000833
00000940
00000000
0000045d
00000a67
00000647
00001087
00000e75
00000d6a
00000000
00000724
00000a3d
00000f03
00000beb
00000673
000005dc
00000516
000005bd
00000129
00000d3f
00000c58
00000abb
00000a85
00000000
00000ea2
0000078b
00000ec3
00000b81
0000042f
00000bda
000000db
00000000
0000024f
0000034f
00000268
00000207
00000189
00000000
00000000
00000000
00000000
00000000
00000000
00000000
00000000
00000000
00000000
00000000
00000000
00000000
00000000
00000000
00000000
00000000
00000000
00000000
00000000
00000000
00000000
00000000
00000000
00000000
00000000
00000000
00000000
00000000
00000000
00000000
00000000
00000000
00000000
00000000
00000000
00000000
00000000
00000000
00000000
00000000
00000000
00000000
00000000
00000000
00000000
00000000
00000000
00000000
00000000
0000e2c6
0000edc4
0000e39e
0000e99c
0000d0ac
0000d124
00000000
0000cbaf
0000eaed
0000e98e
0000ed2b
0000ddd3
0000df57
0000fecf
0000dd13
0000da19
0000ee6d
0000cf0d
0000c365
0000e822
0000fe95
0000d986
0000c7a0
0000c918
0000e2bf
0000d0b6
0000ee60
0000f622
0000e994
0000e8f8
0000dea7
0000e6dd
0000ee4f
0000ecc7
0000f61e
0000d167
0000d4c9
0000cc4b
0000c916
0000e0cc
0000eb72
0000e55b
0000e58f
00000000
00000000
00000000
0000f640
0000fa78
0000fb96
00000000
00000000
00000000
00000000
00000000
00000000
00000000
00000000
00000000
00000000
00000000
00000000
00000000
00000000
00000000
00000000
00000000
00000000
00000000
00000000
00000000
00000000
00000000
00000000
00000000
00000000
00000000
00000000
00000000
00000000
00000000
00000000
00000000
00000000
00000000
00000000
00000000
00000000
00000000
00000000
00000000
00000000
00000000
00000000
00000000
00000000
00000000
00000000
00000000
00000000
00000000
00000000
00000000
00000000
00000000
00000000
00000000
00000000
00000000
00000000
00000000
00000000
00000000
00000000
00000000
00000000
00000000
00000000
00000000
00000000
00000000
00000000
00000000
00000000
00000000
00000000
00000000
00000000
00000000
00000000
00000000
00000000
00000000
00000000
00000000
00000000
00000000
00000000
00000000
00000000
00000000
00000000
00000000
00000000
00000000
00000000
00000000
00000000
00000000
00000000
00000000
00000000
00000000
00000000
00000000
00000000
00000000
00000000
00000000
00000000
00000000
0000f69a
00000000
0000de44
00000000
00000000
00000000
0000ea83
00000000
00000000
00000000
00000000
0000eaaa
00000000
00000000
00000000
0000fba2
00000000
00000000
00000000
00000000
00000000
00000000
00000000
00000000
00000000
00000000
00000000
00000000
00000000
00000000
0000f88b
00000000
0000d5b5
00000000
00000000
00000000
00000000
00000000
00000000
00000000
00000000
00000000
00000000
00000000
00000000
00000000
00000000
00000000
00000000
0000ff57
00000000
0000fda2
00000000
00000000
00000000
0000fe7e
00000000
00000000
00000000
00000000
0000fe81
00000000
00000000
00000000
0000ffb2
00000000
00000000
00000000
00000000
00000000
00000000
00000000
00000000
00000000
00000000
00000000
00000000
00000000
00000000
0000ff7a
00000000
0000fd08
00000000
00000000
00000000
00000000
00000000
00000000
00000000
00000000
00000000
00000000
00000000
00000000
00000000
00000000
00000000
00000000
00000000
00000000
00000000
00000000
00000000
00000000
00000000
00000000
00000000
00000000
00000000
00000000
00000000
00000000
00000000
00000000
00000000
00000000
00000000
00000000
00000000
00000000
00000000
00000000
00000000
00000000
00000000
00000000
00000000
00000000
00000000
00000000
00000000
00000000
00000000
00000000
00000000
00000000
00000000
00000000
00000000
00000000
0000fff6
00000000
00000000
00000000
00000000
00000000
00000000
0000ff2a
00000000
00000000
00000000
00000000
00000000
00000000
0000ffd1
00000000
00000000
00000000
00000000
00000000
00000000
0000feb7
00000000
0000ffae
00000000
00000000
00000000
00000000
0000ff7e
00000000
0000ffcf
00000000
00000000
00000000
00000000
0000ff24
00000000
0000ffdc
00000000
00000000
00000000
00000000
00000000
00000000
00000000
00000000
00000000
00000000
00000000
00000000
00000000
00000000
00000000
00000000
00000000
00000000
00000000
0000ffb8
00000000
00000000
00000000
00000000
00000000
0000ffa3
00000000
00000000
0000fe58
00000000
00000000
0000ff46
00000000
00000000
00000000
00000000
00000000
00000000
00000000
00000000
00000000
00000000
00000000
00000000
00000000
00000000
00000000
00000000
00000000
0000ff77
0000fe3f
00000000
0000ff17
00000000
00000000
00000000
00000000
00000000
00000000
00000000
00000000
00000000
00000000
00000000
00000000
00000000
00000000
00000000
00000000
00000000
00000000
00000000
00000000
00000000
00000000
00000000
00000000
00000000
00000000
00000000
00000000
00000000
00000000
00000000
00000000
00000000
00000000
00000000
00000000
00000000
00000000
00000000
00000000
00000000
00000000
00000000
00000000
00000000
00000000
00000000
00000000
00000000
00000000
00000000
00000000
00000000
00000000
00000000
00000000
00000000
00000000
00000000
00000000
00000000
00000000
00000000
00000000
00000000
00000000
00000000
00000000
00000000
00000000
00000000
00000000
00000000
00000000
00000000
00000000
00000000
00000000
00000000
00000000
00000000
00000000
00000000
00000000
00000000
00000000
00000000
00000000
00000000
00000000
00000000
00000000
00000000
00000000
00000000
00000000
00000000
00000000
00000000
00000000
00000000
00000000
00000000
00000000
00000000
00000000
00000000
00000000
00000000
00000000
00000000
00000000
00000000
00000000
00000000
00000000
00000000
00000000
00000000
00000000
00000000
00000000
00000000
00000000
00000000
00000000
00000000
00000000
00000000
00000000
00000000
00000000
00000000
00000000
00000000
00000000
00000000
00000000
00000000
00000000
00000000
00000000
00000000
00000000
00000000
00000000
00000000
00000000
00000000
00000000
00000000
00000000
00000000
00000000
00000000
00000000
00000000
00000000
00000000
00000000
00000000
00000000
00000000
00000000
00000000
00000000
00000000
00000000
00000000
00000000
00000000
00000000
00000000
00000000
00000000
00000000
00000000
00000000
00000000
00000000
00000000
00000000
00000000
00000000
00000000
00000000
00000000
00000000
00000000
00000000
00000000
00000000
00000000
00000000
00000000
00000000
00000000
00000000
00000000
00000000
00000000
00000000
00000000
00000000
00000000
00000000
00000000
00000000
00000000
00000000
00000000
00000000
00000000
00000000
00000000
00000000
00000000
00000000
00000000
00000000
00000000
00000000
00000000
00000000
00000000
00000000
00000000
00000000
00000000
00000000
00000000
00000000
00000000
00000000
00000000
00000000
00000000
00000000
00000000
00000000
00000000
00000000
00000000
00000000
00000000
00000000
00000000
00000000
00000000
00000000
00000000
00000000
00000000
00000000
00000000
00000000
00000000
00000000
00000000
00000000
00000000
00000000
00000000
00000000
00000000
00000000
00000000
00000000
00000000
00000000
00000000
00000000
00000000
00000000
00000000
00000000
00000000
00000000
00000000
00000000
00000000
00000000
00000000
00000000
00000000
00000000
00000000
00000000
00000000
00000000
00000000
00000000
00000000
00000000
00000000
00000000
00000000
00000000
00000000
00000000
00000000
00000000
00000000
00000000
00000000
00000065
00000000
00000000
000000ee
00000000
00000000
00000150
0000002b
00000000
00000000
00000000
00000000
0000002c
00000054
00000000
00000000
00000000
0000015d
00000000
00000000
00000000
00000000
00000000
000000de
000000ed
00000000
00000000
00000000
000000cb
000000e1
00000000
00000000
00000000
0000013c
0000016d
00000000
00000000
00000000
00000145
00000000
00000000
00000000
00000000
00000000
00000000
0000ffff
00000000
00000000
00000000
00000000
00000000
00000000
0000ffe0
00000000
00000000
00000000
00000000
00000000
00000000
0000fff9
00000000
00000000
00000000
00000000
00000000
00000000
0000ffcf
00000000
0000fff4
00000000
00000000
00000000
00000000
0000ffed
00000000
0000fff9
00000000
00000000
00000000
00000000
0000ffdf
00000000
0000fffb
00000000
00000000
00000000
00000000
00000000
00000000
00000000
00000000
00000000
00000000
00000000
0000000a
00000000
00000000
00000000
00000000
00000000
00000000
000000d9
00000000
00000000
00000000
00000000
00000000
00000000
00000030
00000000
00000000
00000000
00000000
00000000
00000000
0000014d
00000000
00000053
00000000
00000000
00000000
00000000
00000083
00000000
00000031
00000000
00000000
00000000
00000000
000000de
00000000
00000025
00000000
00000000
00000000
00000000
00000000
000002f4
00000914
00000952
00000547
00000789
00000497
000007c3
00000000
00000733
000005ee
00000624
0000030e
0000093a
000007d2
00000319
00000434
000006d2
0000038f
00000000
00000bd6
0000073b
000001e7
000008f8
000008e6
0000017f
00000381
0000077e
0000057f
000000f2
00000959
000004b5
00000221
000007a0
000003e2
00000467
000001db
00000976
00000102
00000533
0000076f
000001f8
00000ad0
000003d4
000006da
00000000
000002d0
00000405
000000f0
00000927
00000000
00000000
00000000
00000000
00000000
00000000
00000000
00000000
00000000
00000000
0000ffdc
00000000
00000000
0000ffab
00000000
00000000
0000ff88
0000fff1
00000000
00000000
00000000
00000000
0000fff1
0000ffe2
00000000
00000000
00000000
0000ff83
00000000
00000000
00000000
00000000
00000000
0000ffb1
0000ffac
00000000
00000000
00000000
0000ffb8
0000ffb0
00000000
00000000
00000000
0000ff8f
0000ff7e
00000000
00000000
00000000
0000ff8c
00001313
00000b0c
0000028d
00000bf6
0000048e
00000c47
00000000
0000419f
00001f07
00001a45
00001494
00001c58
00001c85
00000002
00001fd3
00002106
00001932
000011a9
00002aac
00000e35
00000000
00002b62
000014c3
000006ea
0000100a
00002b54
00000f25
00000000
00002a78
00001570
000004b4
00001f60
000010b6
0000048e
00000eb4
00003af4
00000e94
0000120d
00002233
00000cfa
000013bc
00000975
0000149b
00000000
00001358
00001684
000002dc
00001ed9
00000ce3
00000000
00000000
00000000
00000000
00000000
00000000
00000000
00000000
00000000
00000000
00000000
00000000
00000000
00000000
0000fd6c
00000000
00000000
00000000
00000000
00000000
0000fcae
00000000
00000000
0000f0ef
00000000
00000000
0000f95f
00000000
00000000
00000000
00000000
00000000
00000000
00000000
00000000
00000000
00000000
00000000
00000000
00000000
00000000
00000000
00000000
0000fffa
0000fb20
0000f008
00000000
0000f7b0
00000000
00000000
00000000
00000000
00000000
00000000
00000000
00000000
00000000
00000000
00000000
00000000
00000000
00000000
00000000
00000000
00000000
00000000
00000000
00000000
00000000
00000000
00000000
00000000
00000000
00000000
00000000
00000000
00000000
00000000
00000000
00000000
00000000
00000000
00000000
00000000
00000000
00000000
00000000
00000000
00000000
00000000
00000000
00000000
00000000
00000000
00000000
00000000
00000000
00000000
00000000
00000000
00000000
00000000
00000000
00000000
00000000
00000000
00000000
00000000
00000000
00000000
00000000
00000000
00000000
00000000
00000000
00000000
00000000
00000000
00000000
00000000
00000000
00000000
00000000
00000000
00000000
00000000
00000000
00000000
00000000
00000000
00000000
00000000
00000000
00000000
00000000
00000000
00000000
00000000
00000000
00000000
00000000
00000000
00000000
00000000
00000000
00000000
00000000
