00000000
00000000
00000000
00000000
00000000
00000000
00000000
00000000
00000000
00000000
00000000
00000000
0000007a
00000000
00000000
00000000
00000000
00000000
00000000
00000000
00000000
00000000
000000e4
00000000
00000000
00000000
00000000
00000000
00000000
00000000
00000000
00000000
00000000
00000000
00000000
00000000
00000000
00000000
00000000
00000000
00000000
00000000
00000000
00000000
00000000
00000000
00000000
00000000
00000000
00000000
00000000
0000000e
00000000
00000000
00000000
00000000
00000000
00000000
00000000
00000000
00000000
00000000
00000000
00000000
00000000
00000000
00000000
00000000
00000000
00000000
00000000
00000000
00000000
00000000
00000000
00000000
00000000
00000000
00000000
00000000
00000000
00000000
00000000
00000000
00000000
00000000
00000000
00000000
00000000
00000000
00000000
00000000
00000000
00000000
00000000
00000000
00000000
00000000
00000000
00000000
00000000
00000000
00000000
0000016f
00000000
00000000
00000000
00000000
00000000
00000000
00000000
00000000
00000000
00000000
00000000
0000001b
00000000
00000000
00000000
00000000
00000000
00000000
00000000
00000000
00000000
00000000
00000000
00000000
00000000
00000000
00000000
00000000
00000000
00000000
00000000
00000000
00000000
00000000
00000000
00000000
00000000
00000000
00000122
00000000
00000000
00000000
00000000
00000000
00000000
00000000
00000000
00000000
00000000
00000000
00000000
00000000
00000000
00000000
00000000
00000046
00000000
00000000
00000000
00000000
00000000
00000000
00000000
00000000
00000000
00000000
00000000
00000000
000001a0
00000000
00000000
00000000
00000000
00000000
00000000
00000000
00000000
00000000
00000000
00000000
00000000
00000058
00000000
00000000
00000000
00000000
00000000
00000000
00000000
00000000
00000000
00000000
00000000
00000000
00000000
00000000
00000000
00000000
00000000
00000000
00000000
00000000
00000000
00000000
00000000
00000000
000000cc
00000096
00000184
00000000
00000000
00000000
00000000
00000000
00000000
00000000
00000000
00000000
00000000
00000000
00000000
00000000
00000000
00000000
00000000
00000000
00000000
00000000
00000000
00000000
00000000
00000000
00000000
00000000
00000000
00000000
00000000
00000000
00000000
00000000
00000000
000000b6
00000000
00000000
00000000
00000000
00000000
00000000
00000000
00000000
0000003b
00000047
00000000
00000000
00000000
00000000
00000000
00000000
00000000
00000000
00000000
0000001f
00000000
00000000
00000000
00000000
00000000
0000004c
00000000
00000000
00000000
00000000
00000000
00000000
00000000
00000000
00000000
00000000
00000000
00000000
00000000
00000000
00000000
00000000
00000000
00000000
00000000
00000000
00000000
00000187
00000000
00000000
00000000
00000000
00000000
00000000
00000000
00000000
00000000
00000000
00000000
00000000
00000000
00000000
00000000
00000000
00000000
00000000
00000000
00000000
00000000
00000000
00000000
00000000
00000000
00000000
00000000
00000000
00000000
00000000
00000000
00000000
00000000
00000000
00000000
00000000
000000f2
00000000
00000000
00000000
00000000
00000000
00000000
0000004c
00000000
00000000
00000000
00000000
00000000
00000000
00000000
00000000
00000000
00000000
00000000
00000000
00000000
00000000
00000000
00000000
00000000
00000000
00000000
00000000
00000000
00000000
00000000
00000000
00000000
00000000
00000000
00000000
00000000
00000000
00000000
00000000
000000b1
00000000
00000000
00000000
00000000
00000000
00000000
00000000
00000000
00000000
00000000
00000000
00000000
000001d6
00000000
00000000
00000000
00000000
00000000
00000000
00000000
00000000
00000000
00000000
00000000
00000000
00000000
00000000
00000000
00000000
00000028
00000000
00000000
00000000
00000000
00000000
00000000
00000000
00000000
00000000
00000000
000000fa
00000000
00000000
00000000
00000000
00000000
000000ef
00000000
00000000
00000000
00000000
00000000
00000000
00000000
00000000
00000000
00000000
00000000
000000ab
00000000
00000000
00000000
00000000
00000000
00000000
00000000
00000000
00000000
00000000
00000000
00000000
00000000
00000000
00000000
00000000
00000000
00000000
00000000
00000000
00000000
00000000
00000000
00000000
00000000
00000000
00000000
00000000
00000000
00000000
00000011
00000000
00000099
00000000
00000000
00000000
00000000
00000000
00000000
00000000
00000000
00000000
00000000
00000000
00000000
00000000
00000000
00000000
00000000
00000000
00000000
00000000
00000000
00000000
00000000
00000000
00000000
00000000
00000000
00000130
00000000
00000000
00000000
00000000
00000000
0000002d
00000000
00000000
00000000
00000000
00000000
00000000
00000000
00000000
00000000
00000000
00000000
00000000
00000000
00000000
0000007c
00000000
00000000
00000000
00000000
00000000
00000000
00000000
00000000
00000000
00000000
00000000
00000000
00000000
00000000
00000000
00000000
00000000
00000000
00000000
0000013a
00000000
00000000
00000000
00000000
00000000
0000013a
00000000
00000000
00000000
00000000
00000000
00000000
00000000
00000000
00000000
0000005a
00000000
00000000
00000000
00000000
00000000
00000000
00000000
00000000
00000000
00000000
00000000
00000000
00000000
00000000
00000000
00000000
00000000
00000000
00000000
00000000
00000000
00000000
00000000
00000000
00000000
00000000
00000000
00000000
00000000
00000000
00000000
00000000
00000000
00000000
00000000
00000000
00000000
00000000
00000000
00000000
00000000
00000000
00000000
00000000
00000000
00000000
00000000
00000000
00000000
00000000
00000000
00000000
00000000
00000000
00000000
00000000
00000000
00000000
00000000
00000000
00000000
00000000
00000000
00000000
00000000
00000000
00000000
00000000
00000000
00000000
00000000
00000000
00000000
00000000
00000000
00000000
0000005d
00000000
00000000
00000000
00000000
00000000
00000000
00000000
00000000
00000000
00000000
00000000
00000000
00000000
00000000
00000000
00000000
00000000
00000000
00000000
00000000
00000000
00000000
00000000
00000000
00000000
00000000
00000000
00000000
0000015f
00000000
00000000
00000000
00000000
00000000
00000000
00000000
00000000
00000000
00000000
00000000
00000000
00000000
00000000
00000000
00000000
00000000
00000000
00000000
00000000
00000000
00000000
00000004
00000000
00000000
00000000
00000000
00000000
00000000
00000000
00000000
00000000
00000000
00000000
00000000
00000000
00000000
00000000
00000000
00000000
00000000
00000000
00000000
00000072
00000000
00000000
00000000
00000000
00000000
00000000
00000000
00000000
00000000
00000000
00000000
00000000
00000000
00000000
00000000
00000000
00000000
00000000
00000000
00000000
00000000
00000000
0000006b
0000012f
00000000
00000000
00000000
00000000
00000000
00000000
00000000
00000000
00000000
00000000
00000000
00000000
00000000
00000000
00000000
00000000
00000000
00000000
00000000
00000000
00000000
00000000
00000000
00000000
00000000
00000000
00000000
00000000
00000000
00000000
00000000
00000000
00000000
00000000
00000000
00000000
00000000
00000000
000000a3
00000000
00000000
00000000
00000000
00000000
00000000
00000000
00000000
00000000
00000000
00000000
00000000
00000000
00000000
00000000
00000000
00000000
00000000
00000000
00000000
000001b4
00000000
00000000
00000000
00000000
00000000
00000000
00000000
00000000
00000000
00000000
00000000
00000000
00000000
00000000
0000000d
00000000
00000000
00000000
00000000
00000000
00000000
00000000
00000000
00000000
00000000
00000000
00000000
00000000
00000000
00000000
00000000
00000000
00000009
00000000
00000000
00000000
00000000
00000000
00000000
00000000
00000000
00000000
00000000
00000000
00000000
00000000
00000000
00000000
00000000
00000000
00000000
00000000
0000000b
00000000
00000000
00000000
00000000
00000000
00000000
00000000
00000000
00000000
00000000
00000000
00000000
00000000
00000000
00000000
00000000
00000000
00000000
00000000
00000000
00000000
00000000
00000000
00000000
00000000
00000000
00000017
00000000
00000000
00000000
00000009
00000000
00000000
00000000
00000000
00000000
00000000
00000000
00000000
00000000
00000000
00000000
00000010
00000000
00000000
00000000
00000000
00000000
00000000
0000000c
00000000
00000000
00000000
00000000
00000000
00000000
00000000
00000000
00000000
00000000
00000000
00000000
00000000
00000000
00000000
00000000
00000000
00000000
00000000
00000000
00000000
00000000
00000000
00000000
00000000
00000000
00000000
00000000
00000000
00000000
00000000
00000000
00000000
00000000
00000000
00000000
00000000
00000000
00000004
00000000
00000000
00000000
00000000
00000000
00000000
00000000
00000000
00000000
00000008
00000000
00000000
00000000
00000000
00000000
00000000
00000000
00000000
00000000
00000000
00000000
00000000
00000000
00000000
00000000
00000000
00000000
00000000
00000000
00000000
00000000
00000000
00000000
00000000
00000000
00000000
00000000
00000015
00000000
00000000
00000000
00000000
0000000c
00000000
00000000
00000000
00000000
00000000
00000000
00000000
00000000
00000000
00000000
00000000
00000000
00000000
00000000
00000000
00000000
00000000
00000000
00000000
00000000
00000000
00000000
00000000
00000000
00000000
00000000
00000004
00000000
00000008
00000000
00000000
0000001e
00000000
00000000
00000000
00000000
00000000
00000000
00000000
00000000
00000000
00000000
00000000
00000000
00000000
00000000
00000000
00000000
00000000
0000000f
00000000
00000000
00000000
00000000
00000000
00000000
00000000
00000000
00000000
00000000
00000000
00000000
00000000
00000000
00000000
00000000
00000000
00000000
00000000
00000000
00000000
00000000
00000000
00000000
00000000
00000011
00000000
00000000
00000000
00000000
00000000
00000000
00000000
00000000
00000000
00000000
00000000
00000000
00000000
00000000
00000000
00000000
00000000
00000000
00000000
00000000
00000000
00000000
00000000
00000000
00000000
00000000
00000000
00000000
00000000
00000000
00000000
00000000
00000000
00000000
00000000
00000000
00000000
00000000
00000000
00000000
00000000
00000000
00000000
00000000
00000000
00000000
00000000
00000000
00000000
00000000
00000000
00000000
00000000
00000000
00000000
00000000
00000000
00000000
00000000
00000000
00000000
00000000
00000000
00000000
00000000
00000000
00000000
00000000
00000000
00000000
0000000e
00000000
00000000
00000000
0000000f
00000000
00000007
00000003
00000000
00000000
00000000
00000000
00000000
00000000
00000002
00000000
00000000
00000000
00000000
00000000
00000000
00000000
00000000
00000000
00000000
00000000
00000000
00000000
00000000
00000000
00000000
00000000
00000000
00000000
00000000
00000000
00000000
00000000
00000001
00000000
00000000
00000000
00000000
00000000
00000000
00000000
00000000
00000000
00000000
00000000
00000000
00000000
00000000
00000000
00000000
00000000
00000000
00000000
00000000
00000000
00000000
00000000
00000000
00000000
00000000
00000000
00000000
00000000
00000000
00000000
00000000
00000000
00000000
00000000
00000000
00000000
00000000
00000000
00000000
00000000
00000000
00000000
00000000
00000000
00000000
00000000
00000000
00000000
00000000
00000000
00000000
00000000
00000014
00000000
00000000
00000000
00000000
00000000
00000000
00000000
00000000
00000000
00000000
00000000
00000000
00000000
00000000
00000000
00000000
00000000
00000000
00000000
00000000
00000000
00000000
00000000
00000000
00000000
00000000
00000007
00000000
00000000
00000000
00000000
00000000
00000000
00000000
00000000
00000000
00000000
00000000
00000000
00000000
00000000
00000000
00000000
00000000
00000000
00000000
00000000
00000000
00000000
00000000
00000000
00000000
00000000
00000000
00000000
00000000
00000000
00000000
00000000
00000000
00000000
00000000
00000000
00000000
00000000
00000000
00000000
00000000
00000000
00000000
00000000
00000000
00000000
00000000
00000013
00000000
00000000
00000000
00000000
00000000
00000000
00000000
00000000
00000000
00000000
00000000
00000000
00000000
00000000
00000000
00000000
00000000
00000000
00000004
00000019
00000000
00000000
00000000
00000000
0000000a
00000000
00000000
00000000
0000000b
00000000
00000000
00000000
00000000
00000000
00000000
00000000
00000000
00000000
00000000
00000000
00000000
00000000
00000000
00000000
00000000
00000000
00000000
00000000
00000000
00000000
00000000
00000000
00000000
00000000
00000000
00000000
00000000
00000000
00000000
00000000
00000000
00000000
00000000
00000000
00000000
00000000
00000000
00000000
00000000
00000000
00000000
00000000
00000000
00000000
00000000
00000000
00000000
00000000
00000000
00000000
00000000
0000000e
00000008
00000000
00000000
00000000
00000000
00000000
00000006
00000010
00000000
00000000
00000000
00000000
00000000
00000000
00000000
00000000
00000001
00000013
00000000
00000000
00000000
0000000e
00000000
00000000
00000000
00000000
00000000
00000000
00000000
00000000
00000000
00000000
00000000
00000000
00000000
00000000
00000000
00000014
00000000
00000006
00000000
00000000
00000000
00000000
00000000
00000000
00000000
00000000
00000000
00000000
00000000
00000000
00000000
00000000
00000000
00000000
00000000
00000000
00000000
00000000
00000000
00000000
00000000
00000000
00000000
00000000
00000000
00000000
00000000
00000000
00000000
00000000
00000000
00000000
00000000
00000000
00000000
00000000
00000000
00000000
00000000
00000000
00000000
00000000
00000000
00000000
00000000
00000000
00000000
00000000
00000000
00000000
00000000
00000000
00000000
00000000
00000000
00000000
00000000
00000000
00000000
0000000d
00000000
00000000
00000000
00000000
00000000
00000002
00000006
00000000
00000000
00000000
00000000
00000000
00000000
00000000
00000000
00000000
00000000
00000000
00000000
00000000
00000000
00000000
00000000
00000000
00000000
00000000
00000000
00000000
00000000
00000000
00000000
00000000
00000000
00000000
00000000
00000000
00000002
00000000
00000000
00000000
00000000
00000000
00000000
00000000
00000000
00000000
00000000
00000000
00000000
00000000
00000000
00000000
00000000
00000000
00000000
0000000b
00000000
00000000
00000000
00000000
00000000
00000000
00000000
00000000
00000000
00000000
00000000
00000000
00000000
00000000
00000000
00000000
00000000
00000000
00000000
00000000
00000019
00000000
00000000
00000000
00000000
00000000
00000000
00000000
00000000
00000000
00000000
00000000
00000000
00000000
00000000
00000000
00000000
00000000
00000000
00000000
00000000
00000000
00000001
00000000
00000017
00000000
00000000
00000000
00000000
00000000
00000000
00000000
00000000
00000000
00000000
00000000
00000000
00000000
00000000
00000000
00000000
00000000
00000000
00000000
00000000
00000000
00000000
00000000
00000000
00000000
00000000
00000000
00000000
00000000
00000000
00000000
00000000
00000000
00000000
00000000
00000000
00000000
00000000
00000000
00000000
00000000
00000000
00000000
00000000
00000000
00000000
00000000
00000000
00000000
00000000
00000000
00000000
00000000
00000000
00000000
00000000
00000000
00000000
00000000
00000000
00000000
00000000
00000000
00000000
00000000
00000000
00000000
00000000
00000000
00000000
00000000
00000000
00000000
00000000
00000000
00000000
00000000
00000000
00000000
00000000
00000000
00000000
00000000
00000000
00000000
00000000
00000000
00000000
00000000
00000000
00000000
00000000
00000000
00000000
00000000
00000000
00000000
00000000
00000000
00000000
00000000
00000000
00000000
00000000
00000000
00000000
00000000
00000000
00000000
00000000
00000000
00000000
00000000
00000000
00000000
00000000
00000000
00000000
00000000
00000000
00000000
00000000
00000000
00000000
00000000
00000000
00000000
00000000
00000000
00000000
00000000
00000000
00000000
00000000
00000000
00000000
00000000
00000000
00000000
00000000
00000000
00000000
00000000
00000000
00000000
00000000
00000000
00000000
00000000
00000000
00000000
00000000
00000000
00000000
00000000
00000000
00000000
00000000
00000000
00000000
00000000
00000000
00000000
00000000
00000000
00000000
00000000
00000000
00000000
00000000
00000000
00000000
00000000
00000000
00000000
00000000
00000000
00000000
00000000
00000000
00000000
00000000
00000000
00000000
00000000
00000000
00000000
00000000
00000000
00000000
00000000
00000000
00000000
00000000
00000000
00000000
00000000
00000000
00000000
00000000
00000000
00000000
00000000
00000000
00000000
00000000
00000000
00000000
00000000
00000000
00000000
00000000
00000000
00000000
00000000
00000000
00000000
00000000
00000000
00000000
00000000
00000000
00000000
00000000
00000000
00000000
00000000
00000000
00000000
00000000
00000000
00000000
00000000
00000000
00000000
00000000
00000000
00000000
00000000
00000000
00000000
00000000
00000000
00000000
00000000
00000000
00000000
00000000
00000000
00000000
00000000
00000000
00000000
00000000
00000000
00000000
00000000
00000000
00000000
00000000
00000000
00000000
00000000
00000000
00000000
00000000
00000000
00000000
00000000
00000000
00000000
00000000
00000000
00000000
00000000
00000000
00000000
00000000
00000000
00000000
00000000
00000000
00000000
00000000
00000000
00000000
00000000
00000000
00000000
00000000
00000000
00000000
00000000
00000000
00000000
00000000
00000000
00000000
00000000
00000000
00000000
00000000
00000000
00000000
00000000
00000000
00000000
00000000
00000000
00000000
00000000
00000000
00000000
00000000
00000000
00000000
00000000
00000000
00000000
00000000
00000000
00000000
00000000
00000000
00000000
00000000
00000000
00000000
00000000
00000000
00000000
00000000
00000000
00000000
00000000
00000000
00000000
00000000
00000000
00000000
00000000
00000000
00000000
00000000
00000000
00000000
00000000
00000000
00000000
00000000
00000000
00000000
00000000
00000000
00000000
00000000
00000000
00000000
00000000
00000000
00000000
00000000
00000000
00000000
00000000
00000000
00000000
00000000
00000000
00000000
00000000
00000000
00000000
00000000
00000000
00000000
00000000
00000000
00000000
00000000
00000000
00000000
00000000
00000000
00000000
00000000
00000000
00000000
00000000
00000000
00000000
00000000
00000000
00000000
00000000
00000000
00000000
00000000
00000000
00000000
00000000
00000000
00000000
00000000
00000000
00000000
00000000
00000000
00000000
00000000
00000000
00000000
00000000
00000000
00000000
00000000
00000000
00000000
00000000
00000000
00000000
00000000
00000000
00000000
00000000
00000000
00000000
00000000
00000000
00000000
00000000
00000000
00000000
00000000
00000000
00000000
00000000
00000000
00000000
00000000
00000000
00000000
00000000
00000000
00000000
00000000
00000000
00000000
00000000
00000000
00000000
00000000
00000000
00000000
00000000
00000000
00000000
00000000
00000000
00000000
00000000
00000000
00000000
00000000
00000000
00000000
00000000
00000000
00000000
00000000
00000000
00000000
00000000
00000000
00000000
00000000
00000000
00000000
00000000
00000000
00000000
00000000
00000000
00000000
00000000
00000000
00000000
00000000
00000000
00000000
00000000
00000000
00000000
00000000
00000000
00000000
00000000
00000000
00000000
00000000
00000000
00000000
00000000
00000000
00000000
00000000
00000000
00000000
00000000
00000000
00000000
00000000
00000000
00000000
00000000
00000000
00000000
00000000
00000000
00000000
00000000
00000000
00000000
00000000
00000000
00000000
00000000
00000000
00000000
00000000
00000000
00000000
00000000
00000000
00000000
00000000
00000000
00000000
00000000
00000000
00000000
00000000
00000000
00000000
00000000
00000000
00000000
00000000
00000000
00000000
00000000
00000000
00000000
00000000
00000000
00000000
00000000
00000000
00000000
00000000
00000000
00000000
00000000
00000000
00000000
00000000
00000000
00000000
00000000
00000000
00000000
00000000
00000000
00000000
00000000
00000000
00000000
00000000
00000000
00000000
00000000
00000000
00000000
00000000
00000000
00000000
00000000
00000000
00000000
00000000
00000000
00000000
00000000
00000000
00000000
00000000
00000000
00000000
00000000
00000000
00000000
00000000
00000000
00000000
00000000
00000000
00000000
00000000
00000000
00000000
00000000
00000000
00000000
00000000
00000000
00000000
00000000
00000000
00000000
00000000
00000000
00000000
00000000
00000000
00000000
00000000
00000000
00000000
00000000
00000000
00000000
00000000
00000000
00000000
00000000
00000000
00000000
00000000
00000000
00000000
00000000
00000000
00000000
00000000
00000000
00000000
00000000
00000000
00000000
00000000
00000000
00000000
00000000
00000000
00000000
00000000
00000000
00000000
00000000
00000000
00000000
00000000
00000000
00000000
00000000
00000000
00000000
00000000
00000000
00000000
00000000
00000000
00000000
00000000
00000000
00000000
00000000
00000000
00000000
00000000
00000000
00000000
00000000
00000000
00000000
00000000
00000000
00000000
00000000
00000000
00000000
00000000
00000000
00000000
00000000
00000000
00000000
00000000
00000000
00000000
00000000
00000000
00000000
00000000
00000000
00000000
00000000
00000000
00000000
00000000
00000000
00000000
00000000
00000000
00000000
00000000
00000000
00000000
00000000
00000000
00000000
00000000
00000000
00000000
00000000
00000000
00000000
00000000
00000000
00000000
00000000
00000000
00000000
00000000
00000000
00000000
00000000
00000000
00000000
00000000
00000000
00000000
00000000
00000000
00000000
00000000
00000000
00000000
00000000
00000000
00000000
00000000
00000000
00000000
00000000
00000000
00000000
00000000
00000000
00000000
00000000
00000000
00000000
00000000
00000000
00000000
00000000
00000000
00000000
00000000
00000000
00000000
00000000
00000000
00000000
00000000
00000000
00000000
00000000
00000000
00000000
00000000
00000000
00000000
00000000
00000000
00000000
0000155b
00000ed0
0000188d
00000392
00001006
00001ab2
00001f68
00002154
00000ded
000002a1
000013b9
00000a22
0000210d
00000558
00001c69
00001967
000020c2
00001232
000003dc
00000cf2
000008ea
0000221d
00001178
0000137c
00000e76
00001759
0000198f
00000728
000018a6
00000ba9
000023d1
00001584
000015c4
00000635
0000228d
00000c27
000011e3
00001a55
00000978
00000dc0
00001e15
00001609
00001db2
00001e8d
00000d98
00000302
00000807
00000ea5
0000186f
00001534
000025fa
0000075a
000014ce
00000b90
00001382
00001ca9
00000b27
00001e0f
00001f9f
00002237
00001fbe
000000b8
00001609
00001a36
0000073a
00001ab3
00001d3d
000013d3
00001ebc
0000078d
00001a86
00002174
000022b3
00000ff6
000012cf
00000783
00000c6a
00002084
00000d16
0000072a
00001934
0000192c
00000d59
00000da3
00001f82
000012d1
00001a0d
00000a95
00001748
00002229
00001fec
00000869
0000224f
00001b32
000013b7
00001298
000015dd
00000f12
00002010
0000155a
00000f7d
000012f9
0000110f
00001f12
00001e50
00001749
00000e5f
0000130b
0000213e
00001241
00001a76
000021c7
00000c31
0000111e
0000130e
000013b3
00000a55
00001ea3
00001c42
0000052a
00000dcf
00000921
000012d1
00000e5d
00001af6
00000d5a
00000de5
000008f1
00001244
000016bb
00000ebc
0000074b
00000dc1
00000593
00001a11
000017fd
000022cc
00002426
0000101b
000016c5
00000d2b
00001e9f
00000851
00000645
00000d9e
00001905
00001174
00000718
00001ef0
0000073b
00000b2d
00000893
0000197e
00000d6d
00001a94
00001e29
00001576
000002b4
00000d03
00001e82
00001675
000008f3
00000ca8
00001194
00000532
000014a1
000005f9
000006ef
00000772
00001eac
00001024
00000748
00000e2b
00002586
00001ffa
0000055e
000005fd
000011d5
00001866
00001267
00002220
00001dd8
00000682
00002085
00000c17
000006de
00001a42
00001d22
00000f11
00000bd6
000013ff
00001bf5
0000234d
000020f0
00001c6f
00001e1f
00000419
00000d74
00000ac6
00000388
0000182c
00001344
00001966
00002162
00000e66
00001cd3
000015f2
00001f00
0000248b
00001b6c
00001712
00000f2c
00001ff5
00000ec4
00002140
000011ad
00000835
00000278
000009e6
00000516
000010d2
00001cc8
00001704
000017d9
00001265
00000522
00001b1f
000014eb
00001594
0000176a
000014bd
00000ca8
00001d67
0000156f
00000e1b
000023a4
00001792
0000192a
00000fa5
00001379
00000716
00000b5e
00001e76
00002076
0000105d
00000b99
00000b73
00001399
00001c6d
000007b5
00001ad7
00000b10
000002c2
00001110
0000154e
00000e82
00001c4b
00001a18
00001c87
000008da
000019c0
0000215c
000010ef
0000108c
00002087
00001ad5
00001084
0000228f
00001365
00001f4b
00001cf4
00000b00
00000b29
0000137f
00001f84
00001464
0000143c
00001543
00001590
00000639
00000f10
0000072b
000011f0
00001751
0000263d
0000182b
000021df
00001847
00000d9d
00001db6
00000ad1
00000f9d
0000230a
00000f7f
00001265
00001201
000020dc
00000673
000007dd
0000082e
00000a03
0000224b
00002283
00001f8a
0000197c
00000ed8
00000de7
00001823
0000039c
00000a0c
00000161
00001c16
0000168b
0000094d
00001c53
00001b05
00001685
00000c39
00000a47
000013c7
00000eb8
00001aa1
00000f80
000008ca
00002192
00000ca2
00001135
00000fc5
000003e6
000008e1
000018b3
00001fd8
00001252
00000c63
000011a6
00002455
00001368
00001324
0000042a
00001a7c
00001e18
00001db7
000013a2
00000def
0000125d
00000592
0000135e
00000645
00000854
00000c3c
000015ab
00001013
00000955
00002455
00001304
0000093f
00002151
000007a9
00001425
00001a79
00001192
00001617
000010cb
00000f73
00002182
0000102c
00001731
000016b8
00001616
00001921
0000047e
0000052a
00000699
00000b0c
0000104c
00001b98
000006fc
00001c8a
00000576
0000208c
000014f4
000016f7
000006a7
00001c12
0000260f
000007f7
00000ecf
000008b0
0000196c
00002094
00001154
00001d60
00001f94
00002422
0000191f
00000ebc
00000936
0000208d
00002439
00000c68
00000e76
00001d76
0000166d
00001926
00000c78
00000124
00000286
00001377
00001442
00001d72
00000f9c
00001f8d
00001e6d
00000ce6
000021f9
000020c4
00001661
00001de8
00001a63
00001117
000007c4
000018a1
00002020
00000afd
000017d8
0000097d
000023d6
00001b52
000006ea
000017d3
00001ee1
00002152
000009b3
00000312
000020ff
0000192f
000006e9
00001f18
000008e7
00000830
00000b4c
000004ed
00001272
00001ed3
00001ce0
00000a8a
00001c04
00000ec0
0000170f
00000440
00000b55
00001fab
00001149
00001964
000004db
00000f59
00000fcd
000016d0
0000106a
00001afd
000019e9
00002149
000021e9
00001aa1
00000857
00001753
00000eb9
00001d5c
00001008
00001026
0000056b
00001d15
000013a0
0000181c
00000175
00002408
00000b7e
00001a67
00001b02
00002241
000014b6
000012a5
000010d1
00000d21
00000eab
00001d77
000013e6
00001ba4
00001b36
00000d9e
00001661
00001461
0000141e
00001028
00001615
00000f85
000017b4
00000876
00000af4
00000c14
00001785
0000213a
00000c2e
00001325
00001dc0
00000455
000023ef
000007fe
00000faf
0000167a
00001a27
00000d81
00001df8
00002013
000020e5
000018be
00000904
00000f96
000011ac
00001e42
0000097e
00001c6c
00001cdc
000021b0
00000de3
00000858
00000f85
00001ced
00002302
00002031
00001376
00000728
00001dd8
00001b64
00001924
000024cb
0000081a
00000a51
00000cba
00000162
00000946
00000e96
000013f1
000008d0
000009c9
000010ff
0000138e
00001b13
0000154e
000010ee
000022ec
00002395
00001afe
00000f0a
0000185c
00001cf3
000006d6
00000bf1
00001b4e
00001d34
00000b3f
00001c8a
00001056
000012b8
00000cf0
000014ba
000013f3
00000aa2
000017f8
00000742
00000bae
00001ca5
00000b0f
00000daf
0000129c
00001f64
00000c0e
00000dce
000004ac
00001851
0000167e
00000db2
0000056b
00000590
00001f53
00001669
00000028
000004d2
000012cf
00002153
00000bed
0000205e
00001815
00000786
0000222e
000005b7
00000eee
0000078d
00001411
00000bea
00001930
000016ef
00000a8a
00001ec1
0000067f
00001e81
000006fb
00000f68
000020ab
0000080b
00001cdd
0000047a
00000bfe
00002001
0000053a
00000e4f
00000db6
00001cda
00002097
000012f9
00001275
0000091c
00001b3b
00001363
00002031
00000fc6
0000132f
00001c59
00000fac
00001deb
00001d37
00002481
00001d7a
00001a91
00000266
00001d17
00002058
00001286
00001a4c
0000038c
00001334
000016a7
000017ac
00002472
000022fc
00000e5c
000005e6
00001a67
00001d7b
00000ddb
00001cbf
00000ddf
00000960
00000317
00001896
00000f92
000009da
00001778
00000ddb
000007d9
00002321
00000b33
00000ee4
00000c75
0000101b
00002523
000016e0
00000b49
000007c8
000014ea
00001c51
00000ce4
00001b94
00000bda
00001dac
00001f85
000018f5
00000c85
0000147a
0000214e
00001c2b
00001e54
00001901
000003e0
00000cab
00001988
00000c94
00000bfd
00000b6e
000015ae
00001e77
00001c8d
0000047c
000023f2
0000142b
00001493
00002443
0000123d
00000455
00000d79
0000176b
00000cbe
00000ccc
00001353
00000a64
00001845
00001cc5
0000178d
000012c6
00002684
00000956
00000bcd
00000f85
000007c4
00000a1c
000021b5
00001ffd
00001761
00001b3e
00001cc2
00000eff
00000f7a
00001fc0
0000065a
000014aa
00001b0c
00001d80
000006d4
0000187f
00002069
00000ba0
00002189
000009fb
00001399
00001179
000010e3
00001dcf
00001d6a
000012de
00000d1c
0000219a
0000231e
00002199
0000108f
00000a2e
000008d5
00000ac0
00001745
00000f96
00000441
00001adf
00000abb
000014d2
000001ad
000012c5
000017a3
00001a28
0000089f
000010ad
000004cf
0000248b
00000ad1
000011d1
00001a4d
00000dec
00000c6a
00001b86
00001af2
000017ed
00000ce0
00000271
0000263f
00000ae1
00001935
00000157
000004de
00000b77
000005bd
000019e9
00000e06
00002511
00000e89
00000cc5
000022b4
00000e42
00000e55
0000124b
00000751
00001725
00000ab7
000009be
000010b4
000005c9
00000642
00000fd6
00000777
0000151a
00000b73
0000045b
0000143e
00000d65
00001618
000007c2
0000101a
00000d76
0000119a
0000107e
00000e0e
000010f3
00000d04
00001108
00000cac
00001101
00000452
0000170c
00000ce5
00000cc8
000004e6
000009bd
00000ece
00000894
00000ee9
00000b9c
00000267
00000cdb
000004f7
00000c7e
00000a7f
0000057d
00000f1a
000018a2
00000ca2
0000117a
00000c9f
0000142f
000010cd
00000cd9
0000128d
00000475
00000d2f
00001702
000004a3
00001143
0000069a
000006ee
000009bc
00000afe
00000c78
00001310
0000109e
000011fd
00000c7a
000009cd
00000acd
00000a7b
00000b15
0000122b
000009d2
00000a1a
000002d5
00000772
0000105c
00000117
0000112e
00000889
000013b5
000010a0
00000cbd
000001ee
00000bc0
0000108d
00000669
000011dd
00000fa5
00001102
00001102
00000d6a
00001102
00000932
00000d59
0000124b
0000087a
00000d99
0000097d
000009d7
00000b3c
00001235
00000abc
0000034a
00000cd1
000017ca
00001627
00000941
000011a2
00000924
00000eb6
0000061e
00000979
000009c1
000007cb
00000878
00001081
00001176
00000570
00000b4c
00000c45
00000822
00000719
00000a9b
00000d96
00000ede
000008b1
00000675
00000a05
000014da
000010bd
0000126a
00000c30
00000c6d
000002c9
000010ab
00001664
000009f1
00001455
00001019
00001372
00000ff5
00000c65
0000138e
00000f75
000003f5
00000acb
00000a33
00000c34
00000ed9
0000064e
0000126f
00000758
00000861
00000df5
00000c96
00000857
00000ee4
000013ef
000011b4
00000dc9
0000095f
00000a35
00000c57
0000060f
00000e86
00000b78
0000081b
000006d1
00000975
00000b3c
00000ec6
00001441
000005ca
00000aa1
000000b8
00000b87
0000076b
00000712
0000153e
0000015d
00000693
000009ce
000012d7
0000140a
00001376
0000132f
000010b4
0000120f
00001883
00001892
00000c3e
000007de
00000f9c
000004cc
00000da0
00001749
00000895
000004fa
00000d57
000005dd
000012e0
00001137
00000c3a
000009dc
00000a6d
00001185
00000a18
00001620
00000721
0000137e
00000cfb
000008b5
00000cda
00000efa
00000a29
00000812
0000124a
00001311
00000c02
00000838
00000cf2
000002bc
00000e5c
00000cf3
00001306
000004e5
00001892
00000b1f
00000da1
0000000c
00000282
00001298
0000087c
0000102b
00000640
00000f0c
00000eaf
00000565
000004fd
00000b8a
00000cba
00000f45
00000e9f
0000185c
00000abb
00000f8f
00000bb0
000006ca
000009b0
00000e46
00001003
00000b00
00001259
00001232
0000113e
00000a32
00000f46
00000738
00000cb9
00000bb8
0000080c
00000d0d
0000116c
000015d6
00000fd3
000014e9
00000eb2
000005c9
00000dd4
00000beb
00000f33
00001215
00000ee2
000005a3
00000d54
00000cb7
000005b1
00000997
000007d4
00001852
00000d3b
00001064
00001360
0000091f
0000164f
00000f43
000013a4
00000b6a
0000114a
000005cd
00001067
00000eb6
00000e82
000008ec
00000f6c
000002b9
00000c98
00000dc1
00001453
00000d70
0000162e
000012cd
00000cee
000013e2
000010c1
00000c85
000005f6
00000f7a
00000728
000009d3
0000070e
00000dda
00000e93
00000f55
00001342
00000b01
000017a1
00000ee7
000013db
00000935
00000ce1
000011cb
00000f38
00000980
0000031d
00000727
000000b8
00000a9f
00000cd3
00000874
00000d2d
00001230
00000af6
00000a82
000002e5
00000a01
00000aec
00000632
00001189
00000e5b
000000d1
00001222
0000073b
0000111a
000010ad
0000071b
00000d2f
00000872
00000e92
00001134
0000147b
00001598
00000da7
000010fe
00000ad0
0000053c
00001728
00000e57
00001002
00000fd6
00000c1c
00000dce
00000f64
00000f95
000002bb
000001ad
000019d0
00000b00
00000c29
00000e4a
000008fc
000019b3
00001412
00000a13
000004fa
00000417
00000e00
00000aa6
000004eb
00001028
00000c96
000014f7
00001771
000018cb
00000450
00000cfa
00000e2c
00000c9c
00000cee
000009f2
000017db
000013d9
00000daa
00000efb
000014e1
00001032
00000f93
000012a5
00000adb
000011d5
00000d31
00000d96
0000175a
00000918
0000048f
00000eb8
00000a3d
00000be9
00000b00
00001251
00001146
00000eef
00000f0d
000014f6
00000c85
0000077f
000013d4
00000a3f
00000baa
0000125c
000012b9
00000d9e
00001124
00000498
00000eef
00000d0d
000012f0
000018cb
00000eb3
00000521
000003c1
00000d30
00000e40
00000aa7
0000089c
00001480
00000ee5
00000d6b
00000b52
000007a7
00001689
00000601
00000c4f
00000bd9
0000064b
0000057c
00001120
00000b93
00000ac0
00000fc5
00001287
00000d68
000001f7
0000113a
00000e18
00000b78
0000060b
000009d3
0000062d
00000d89
00001007
00000c27
0000038a
000009ed
00000e34
000011fd
0000089b
00000685
0000057d
00000ef7
00000335
00001918
00000ba1
00001604
00000d9d
000004f6
00000945
000013da
00000d80
0000142d
00000d52
00000d39
000002f3
00000689
000003be
000005aa
000005dd
00000781
00000936
0000067a
00001008
0000109d
0000112d
00000c71
00001432
000009ac
00001409
000007e0
000013f1
0000107f
00001793
00000d7a
00000636
0000088a
00001639
00000b28
00000483
000007f0
000008bd
00000d58
00000899
000014b9
0000046a
0000058a
000009c8
00000e95
00000b5a
00001672
0000010e
000014b0
0000034d
00000d5f
00000c88
00000c86
00000cc3
00000959
00001006
00000afe
000011f1
00000704
00000a1d
00001710
00001332
00000d4f
000006e1
00000b19
00000d12
000000ec
00000a4f
00000d13
0000115c
00000f36
0000080c
0000106e
0000124e
00000c1f
00001097
00000d4d
000017a8
000015f6
00000f14
00000b3c
00000c0d
00000aa2
00000e8c
00000c87
00000679
00001051
000002e3
00000ca5
00000ae5
00000a8c
00000dc0
00000c94
00001125
000007ee
00000a4d
00000a8e
00000bd4
000005b4
000010cc
000008b3
00000479
00001090
00000c67
000008a8
000007c7
00001239
00000acd
00000fb0
00000bf9
00001509
00000b7e
00000142
00000b23
00000c16
000018a2
0000148e
00000823
0000132e
00000fbd
00000d7b
00000ab3
000002ed
00000f36
0000136a
0000086b
00000710
00000efb
000010f2
00000a14
00000db6
00000ab8
0000060b
00000a10
00000a01
00000ee1
00000a86
000016b2
00000534
00000c3e
000003fa
00000b25
00000422
00000f68
000002ef
00001675
00001232
00001360
0000123c
0000164f
000013ac
00000b13
00000fd5
00000899
00001553
00000b34
00000620
00000bea
000013f1
000013d5
0000111e
0000039a
00000924
00000eb0
00000feb
0000144e
0000060b
0000124e
00000c6b
000010e4
00001105
000011fb
00000c89
00000e04
00001898
00000e92
0000166a
00000a43
00000ac0
00000e18
00000680
00000a47
000011de
00000e8a
00000843
00000e65
00000b62
00000cd6
00001245
0000076e
00000b18
0000144e
0000160a
00000b65
0000021b
000003dc
00000ce4
000015e7
00000fdf
00000a4f
00000a5b
00001734
000013fc
0000104a
00000fb1
000012a1
00000915
000008f7
00000dc2
00000c60
00000508
00000e76
000005ac
00000b45
00000d3e
00000c3c
00001476
00000f20
00000652
00000da1
0000101d
00001313
00000e0e
00000add
0000080c
00000f00
00000dcc
000010cb
00000beb
0000048e
00000f0b
00000d7d
00001338
00000bae
00000bf1
00000798
00001821
00000ab3
00000b3d
00000474
00000f8c
00000e06
00001091
00000a1c
000009f9
000008ce
00000943
00000ee5
000016b4
00001248
00000b12
00000f80
00000b70
000008bf
00000d52
00000efc
00000efa
0000112a
00000f7a
00000ece
00001597
00000afa
000003eb
00000c54
0000145e
00000996
00000e72
00000b80
00000ec5
00000d9e
0000090c
000010bd
00000fac
00000bf2
0000077e
00000d36
00000f14
00000f1d
00001401
00000eb8
000005dc
00000c03
00000ac3
00000cc8
00000b32
00000725
0000104b
00001896
00000e26
00000f94
000007f5
000009b4
0000059d
00001704
00000ddc
00000b6f
00000fec
0000075c
0000123a
0000061a
0000184a
00000cd9
00000cdc
00001303
0000030b
0000019b
00000a18
00000c59
000013f9
00000f41
00000f5f
00000000
00000000
00000000
00000000
00000000
00000000
00000000
00000000
00000000
00000000
00000000
00000000
00000000
00000000
00000000
00000000
00000000
00000000
00000000
00000000
00000000
00000000
00000000
00000000
00000000
00000000
00000000
00000000
00000000
00000000
00000000
00000000
00000000
00000000
00000000
00000000
00000000
00000000
00000000
00000000
00000000
00000000
00000000
00000000
00000000
00000000
00000000
00000000
00000000
00000000
00000000
00000000
00000000
00000000
00000000
00000000
00000000
00000000
00000000
00000000
00000000
00000000
00000000
00000000
00000000
00000000
00000000
00000000
00000000
00000000
00000000
00000000
00000000
00000000
00000000
00000000
00000000
00000000
00000000
00000000
00000000
00000000
00000000
00000000
00000000
00000000
00000000
00000000
00000000
00000000
00000000
00000000
00000000
00000000
00000000
00000000
00000000
00000000
00000000
00000000
00000000
00000000
00000000
00000000
00000000
00000000
00000000
00000000
00000000
00000000
00000000
00000000
00000000
00000000
00000000
00000000
00000000
00000000
00000000
00000000
00000000
00000000
00000000
00000000
00000000
00000000
00000000
00000000
00000000
00000000
00000000
00000000
00000000
00000000
00000000
00000000
00000000
00000000
00000000
00000000
00000000
00000000
00000000
00000000
00000000
00000000
00000000
00000000
00000000
00000000
00000000
00000000
00000000
00000000
00000000
00000000
00000000
00000000
00000000
00000000
00000000
00000000
00000000
00000000
00000000
00000000
00000000
00000000
00000000
00000000
00000000
00000000
00000000
00000000
00000000
00000000
00000000
00000000
00000000
00000000
00000000
00000000
00000000
00000000
00000000
00000000
00000000
00000000
00000000
00000000
00000000
00000000
00000000
00000000
00000000
00000000
00000000
00000000
00000000
00000000
00000000
00000000
00000000
00000000
00000000
00000000
00000000
00000000
00000000
00000000
00000000
00000000
00000000
00000000
00000000
00000000
00000000
00000000
00000000
00000000
00000000
00000000
00000000
00000000
00000000
00000000
00000000
00000000
00000000
00000000
00000000
00000000
00000000
00000000
00000000
00000000
00000000
00000000
00000000
00000000
00000000
00000000
00000000
00000000
00000000
00000000
00000000
00000000
00000000
00000000
00000000
00000000
00000000
00000000
00000000
00000000
00000000
00000000
00000000
00000000
00000000
00000000
00000000
00000000
00000000
00000000
00000000
00000000
00000000
00000000
00000000
00000000
00000000
00000000
00000000
00000000
00000000
00000000
00000000
00000000
00000000
00000000
00000000
00000000
00000000
00000000
00000000
00000000
00000000
00000000
00000000
00000000
00000000
00000000
00000000
00000000
00000000
00000000
00000000
00000000
00000000
00000000
00000000
00000000
00000000
00000000
00000000
00000000
00000000
00000000
00000000
00000000
00000000
00000000
00000000
00000000
00000000
00000000
00000000
00000000
00000000
00000000
00000000
00000000
00000000
00000000
00000000
00000000
00000000
00000000
00000000
00000000
00000000
00000000
00000000
00000000
00000000
00000000
00000000
00000000
00000000
00000000
00000000
00000000
00000000
00000000
00000000
00000000
00000000
00000000
00000000
00000000
00000000
00000000
00000000
00000000
00000000
00000000
00000000
00000000
00000000
00000000
00000000
00000000
00000000
00000000
00000000
00000000
00000000
00000000
00000000
00000000
00000000
00000000
00000000
00000000
00000000
00000000
00000000
00000000
00000000
00000000
00000000
00000000
00000000
00000000
00000000
00000000
00000000
00000000
00000000
00000000
00000000
00000000
00000000
00000000
00000000
00000000
00000000
00000000
00000000
00000000
00000000
00000000
00000000
00000000
00000000
00000000
00000000
00000000
00000000
00000000
00000000
00000000
00000000
00000000
00000000
00000000
00000000
00000000
00000000
00000000
00000000
00000000
00000000
00000000
00000000
00000000
00000000
00000000
00000000
00000000
00000000
00000000
00000000
00000000
00000000
00000000
00000000
00000000
00000000
00000000
00000000
00000000
00000000
00000000
00000000
00000000
00000000
00000000
00000000
00000000
00000000
00000000
00000000
00000000
00000000
00000000
00000000
00000000
00000000
00000000
00000000
00000000
00000000
00000000
00000000
00000000
00000000
00000000
00000000
00000000
00000000
00000000
00000000
00000000
00000000
00000000
00000000
00000000
00000000
00000000
00000000
00000000
00000000
00000000
00000000
00000000
00000000
00000000
00000000
00000000
00000000
00000000
00000000
00000000
00000000
00000000
00000000
00000000
00000000
00000000
00000000
00000000
00000000
00000000
00000000
00000000
00000000
00000000
00000000
00000000
00000000
00000000
00000000
00000000
00000000
00000000
00000000
00000000
00000000
00000000
00000000
00000000
00000000
00000000
00000000
00000000
00000000
00000000
00000000
00000000
00000000
00000000
00000000
00000000
00000000
00000000
00000000
00000000
00000000
00000000
00000000
00000000
00000000
00000000
00000000
00000000
00000000
00000000
00000000
00000000
00000000
00000000
00000000
00000000
00000000
00000000
00000000
00000000
00000000
00000000
00000000
00000000
00000000
00000000
00000000
00000000
00000000
00000000
00000000
00000000
00000000
00000000
00000000
00000000
00000000
00000000
00000000
00000000
00000000
00000000
00000000
00000000
00000000
00000000
00000000
00000000
00000000
00000000
00000000
00000000
00000000
00000000
00000000
00000000
00000000
00000000
00000000
00000000
00000000
00000000
00000000
00000000
00000000
00000000
00000000
00000000
00000000
00000000
00000000
00000000
00000000
00000000
00000000
00000000
00000000
00000000
00000000
00000000
00000000
00000000
00000000
00000000
00000000
00000000
00000000
00000000
00000000
00000000
00000000
00000000
00000000
00000000
00000000
00000000
00000000
00000000
00000000
00000000
00000000
00000000
00000000
00000000
00000000
00000000
00000000
00000000
00000000
00000000
00000000
00000000
00000000
00000000
00000000
00000000
00000000
00000000
00000000
00000000
00000000
00000000
00000000
00000000
00000000
00000000
00000000
00000000
00000000
00000000
00000000
00000000
00000000
00000000
00000000
00000000
00000000
00000000
00000000
00000000
00000000
00000000
00000000
00000000
00000000
00000000
00000000
00000000
00000000
00000000
00000000
00000000
00000000
00000000
00000000
00000000
00000000
00000000
00000000
00000000
00000000
00000000
00000000
00000000
00000000
00000000
00000000
00000000
00000000
00000000
00000000
00000000
00000000
00000000
00000000
00000000
00000000
00000000
00000000
00000000
00000000
00000000
00000000
00000000
00000000
00000000
00000000
00000000
00000000
00000000
00000000
00000000
00000000
00000000
00000000
00000000
00000000
00000000
00000000
00000000
00000000
00000000
00000000
00000000
00000000
00000000
00000000
00000000
00000000
00000000
00000000
00000000
00000000
00000000
00000000
00000000
00000000
00000000
00000000
00000000
00000000
00000000
00000000
00000000
00000000
00000000
00000000
00000000
00000000
00000000
00000000
00000000
00000000
00000000
00000000
00000000
00000000
00000000
00000000
00000000
00000000
00000000
00000000
00000000
0000058c
00000723
00000318
00000619
0000016b
00000138
00000052
0000003a
000001ed
000000df
00000563
00000301
0000032c
00000439
000005b0
00000303
000007bb
0000034d
0000045d
000001e4
000003ac
000002d5
00000791
000006e5
00000215
000002b6
000000ad
00000583
00000079
000001d3
0000055a
000003ab
0000065e
00000561
000002ad
000002a7
000001d3
00000179
000006ce
00000595
00000267
0000012c
000004d4
00000368
0000067d
000000da
00000421
00000360
000003ac
000006e6
0000059f
000005fb
00000128
00000350
00000284
0000022d
000007d4
000003ee
000005d2
0000035e
000004c4
000003b9
00000736
0000025e
00000543
0000068b
000005c3
00000256
00000799
00000083
000002dc
00000529
00000235
0000071c
000004f0
000001cd
000001cc
00000379
00000341
00000701
000003e9
00000796
00000708
00000737
000006af
000001b6
00000092
00000810
0000048b
00000174
0000078b
000005f2
0000004d
0000067c
000001ad
00000152
00000429
000002f6
00000322
000001e9
00000428
00000194
00000316
00000310
00000366
00000119
0000036d
000007d8
00000276
0000078f
000000f2
000001b2
00000257
0000027b
00000623
00000418
00000412
00000553
0000040e
000007b1
000000fb
000001f4
000005ea
000007ab
00000311
000002f3
000007cf
0000066e
000002d2
000005f4
00000551
00000101
000001ac
00000570
0000078c
0000032b
000006b7
0000008e
00000326
00000117
0000067d
000004fb
0000025b
00000624
0000015c
0000014f
00000517
0000010b
00000686
0000017e
000003a6
000004ad
000004d6
00000167
000000d3
0000074b
00000136
000002b6
00000518
0000062a
0000074a
0000019c
000004d1
000003e5
00000339
000005e3
0000023c
0000076f
0000066c
00000780
00000132
000006d0
00000680
0000049d
000007ef
00000518
000007ad
000001df
000004f0
000001aa
00000203
000000bc
000005b3
000002e4
000002fc
00000578
00000486
000000d1
00000528
00000717
00000282
00000361
00000547
000005b3
000001ce
000005f1
0000078d
0000022c
00000192
000004ee
0000049c
00000757
000007b2
0000003f
000005b9
0000077d
00000077
0000006f
000002ad
000004b0
0000042b
0000010c
000001f8
00000091
000004db
00000282
0000024e
000004a5
000007a5
00000454
00000638
0000020d
0000056c
0000023e
000002d4
000006b1
000004a9
0000026b
00000759
00000257
00000291
0000016b
00000252
00000723
000004ee
000004f4
0000047b
000003cc
000005b0
00000825
0000052b
00000640
000004a2
00000161
00000299
00000473
0000013a
0000067c
000004c8
0000035a
000005dc
00000258
00000696
00000335
00000495
000006f7
000006ac
0000050b
00000471
000004bb
0000025c
000004f1
000000b1
000000da
000004c7
0000062d
00000436
000004bf
000007c0
0000019d
00000531
00000531
000007f7
00000754
00000592
000001b5
00000533
000006c2
000001ad
00000783
00000711
0000071e
00000598
00000196
00000423
00000348
0000031b
0000061a
000006f1
000007d8
000004ba
00000119
000004b3
0000076c
000004e0
000001de
00000374
000005f0
00000626
000004b6
00000595
000000e2
0000040b
00000480
000002e7
00000373
00000267
00000565
00000769
0000047d
000002d7
00000092
00000034
00000659
000007e5
00000772
0000078e
00000767
000002cf
00000769
00000774
00000408
0000048d
00000500
00000412
000002c8
00000718
0000068e
0000050e
000005cb
0000025e
000002a7
00000424
00000207
0000064a
0000060a
0000045a
000001f2
00000738
000004b2
00000565
000006d6
0000019c
0000058a
0000025b
0000035b
00000282
00000617
000005d5
000006fb
0000066d
000006cb
000002e4
00000473
0000073f
0000065e
000003dd
000000c7
00000727
00000716
00000135
000003b8
000003e3
000004f8
000002b7
00000423
0000078c
000002ab
00000710
00000375
000007cc
0000066f
00000690
000003e8
00000608
000000e9
000003a4
0000047d
0000012e
0000010e
00000713
00000287
00000429
000002c8
000002bb
00000461
000001cd
0000033b
00000249
000002a5
00000331
000003c8
00000826
00000113
0000038b
0000018e
00000688
00000422
0000027e
0000056d
000001cf
000007bd
000006c8
00000542
0000031b
00000322
0000024b
00000362
00000517
0000048c
000001ad
0000058a
0000051b
0000059d
0000024e
000004de
000004ec
0000060b
00000080
0000050a
00000552
0000035d
00000644
000000c2
0000039d
00000720
00000278
0000023b
00000841
000000ca
00000396
0000011c
000000ab
0000015a
00000301
0000026a
00000303
00000338
00000119
00000641
00000276
000006c7
0000046f
00000431
000005f7
00000264
000006e3
000004ad
00000628
000002e6
000004c8
000004a7
00000308
00000106
0000049e
00000415
00000514
00000288
00000492
000001f1
000004e1
000001f2
00000244
00000239
0000056a
0000004c
00000356
00000192
00000606
000001c8
0000044d
000003fe
000002ef
0000039f
000000f7
00000144
00000155
000003c5
00000071
000000df
000004f4
0000055d
000002bd
00000307
000001d8
000007f3
000005ef
0000079c
00000820
000006bf
000003b2
000001f6
000003ce
00000666
0000010a
0000040d
00000714
00000768
00000748
000000d1
000000c9
000007f4
000006a4
00000198
00000199
0000056b
0000048e
000002bc
000006c3
00000080
000004d0
00000722
000007ab
00000491
00000205
0000025e
000005e3
00000235
000001ac
00000769
000005ad
00000341
00000542
000003ac
00000474
000002bf
0000050b
0000051d
00000208
0000071d
0000065b
000001ef
000005f2
0000050d
00000405
0000044a
00000357
00000467
000002d4
00000575
00000751
000003ad
00000077
000000b0
00000074
00000063
000003c6
000003c0
00000459
000005ff
000006b6
00000618
0000018b
000005d5
000007f3
000002c3
00000134
0000057d
00000613
00000098
000003fe
00000700
00000359
00000288
000006d7
0000068a
00000753
0000018d
0000075c
00000255
0000059b
000006e0
000001ae
000005bc
00000786
00000474
0000028e
0000074e
00000542
000004d5
0000008b
0000068d
00000592
0000070a
000005cc
000006ef
00000289
00000693
000000f7
00000400
0000037f
000005b0
000002d0
000005ef
000004c3
00000672
0000013a
000001bd
00000203
000003a5
00000340
0000032f
00000284
00000115
0000005f
000001a6
00000666
00000255
0000027d
00000339
00000773
00000178
000004f3
00000288
00000331
000000c2
00000273
00000211
0000015c
000005bc
000004ce
000006d7
0000027b
000003e9
0000011d
0000042b
00000506
00000474
00000688
000003d8
000004cd
00000316
000001fe
00000765
00000324
0000056b
000004ea
0000014b
00000761
000007a0
0000011f
000003c4
000000fc
00000135
000001ed
0000024b
0000078f
00000105
0000020e
00000166
00000711
0000071d
000000c2
00000441
00000674
00000213
0000053e
00000422
0000010f
00000178
00000643
00000455
000007b1
0000053f
00000352
00000141
0000021a
000004e1
00000828
00000375
0000017c
00000628
00000272
00000555
00000167
00000596
0000068d
00000566
0000027f
00000437
0000071c
0000007f
000003cc
0000079f
000004f0
0000077c
000000d1
00000165
000003ba
000001c6
0000063d
000001c7
000003e0
00000404
00000706
000002b9
00000384
00000167
00000694
000003c4
000001c1
00000392
00000106
00000089
000004f5
000005ca
0000019a
000002c8
000002ea
000003d2
00000571
000000b5
0000070b
000001e5
00000305
00000259
000006ae
00000378
0000053d
0000022e
0000005d
00000174
000002cf
000007f9
00000323
0000055b
000002d3
000000ea
00000655
00000319
000000f0
00000053
0000006d
00000226
00000629
000003e5
0000008a
000004a0
0000056a
000007b6
00000365
000006e3
0000072a
000000ec
000003d8
0000041f
0000056e
000004f7
00000197
0000061b
00000377
000006f6
00000634
00000386
00000415
0000055d
000003af
0000077f
00000692
000004ed
0000005d
000005ef
000006e9
000003c6
00000247
00000388
0000056b
00000377
0000074e
00000583
0000056b
00000749
00000147
00000206
0000060f
000006b7
0000018f
000000e6
00000505
00000112
000004fb
00000437
0000076c
00000186
00000000
00000000
00000000
00000000
00000000
00000000
00000000
00000000
00000000
00000000
00000000
00000000
00000000
00000000
00000000
00000000
00000000
00000000
00000000
00000000
00000000
00000000
00000000
00000000
00000000
00000000
00000000
00000000
00000000
00000000
00000000
00000000
00000000
00000000
00000000
00000000
00000000
00000000
00000000
00000000
00000000
00000000
00000000
00000000
00000000
00000000
00000000
00000000
00000000
00000000
00000000
00000000
00000000
00000000
00000000
00000000
00000000
00000000
00000000
00000000
00000000
00000000
00000000
00000000
00000000
00000000
00000000
00000000
00000000
00000000
00000000
00000000
00000000
00000000
00000000
00000000
00000000
00000000
00000000
00000000
00000000
00000000
00000000
00000000
00000000
00000000
00000000
00000000
00000000
00000000
00000000
00000000
00000000
00000000
00000000
00000000
00000000
00000000
00000000
00000000
00000000
00000000
00000000
00000000
00000000
00000000
00000000
00000000
00000000
00000000
00000000
00000000
00000000
00000000
00000000
00000000
00000000
00000000
00000000
00000000
00000000
00000000
00000000
00000000
00000000
00000000
00000000
00000000
00000000
00000000
00000000
00000000
00000000
00000000
00000000
00000000
00000000
00000000
00000000
00000000
00000000
00000000
00000000
00000000
00000000
00000000
00000000
00000000
00000000
00000000
00000000
00000000
00000000
00000000
00000000
00000000
00000000
00000000
00000000
00000000
00000000
00000000
00000000
00000000
00000000
00000000
00000000
00000000
00000000
00000000
00000000
00000000
00000000
00000000
00000000
00000000
00000000
00000000
00000000
00000000
00000000
00000000
00000000
00000000
00000000
00000000
00000000
00000000
00000000
00000000
00000000
00000000
00000000
00000000
00000000
00000000
00000000
00000000
00000000
00000000
00000000
00000000
00000000
00000000
00000000
00000000
00000000
00000000
00000000
00000000
00000000
00000000
00000000
00000000
00000000
00000000
00000000
00000000
00000000
00000000
00000000
00000000
00000000
00000000
00000000
00000000
00000000
00000000
00000000
00000000
00000000
00000000
00000000
00000000
00000000
00000000
00000000
00000000
00000000
00000000
00000000
00000000
00000000
00000000
00000000
00000000
00000000
00000000
00000000
00000000
00000000
00000000
00000000
00000000
00000000
00000000
00000000
00000000
00000000
00000000
00000000
00000000
00000000
00000000
00000000
00000000
00000000
00000000
00000000
00000000
00000000
00000000
00000000
00000000
00000000
00000000
00000000
00000000
00000000
00000000
00000000
00000000
00000000
00000000
00000000
00000000
00000000
00000000
00000000
00000000
00000000
00000000
00000000
00000000
00000000
00000000
00000000
00000000
00000000
00000000
00000000
00000000
00000000
00000000
00000000
00000000
00000000
00000000
00000000
00000000
00000000
00000000
00000000
00000000
00000000
00000000
00000000
00000000
00000000
00000000
00000000
00000000
00000000
00000000
00000000
00000000
00000000
00000000
00000000
00000000
00000000
00000000
00000000
00000000
00000000
00000000
00000000
00000000
00000000
00000000
00000000
00000000
00000000
00000000
00000000
00000000
00000000
00000000
00000000
00000000
00000000
00000000
00000000
00000000
00000000
00000000
00000000
00000000
00000000
00000000
00000000
00000000
00000000
00000000
00000000
00000000
00000000
00000000
00000000
00000000
00000000
00000000
00000000
00000000
00000000
00000000
00000000
00000000
00000000
00000000
00000000
00000000
00000000
00000000
00000000
00000000
00000000
00000000
00000000
00000000
00000000
00000000
00000000
00000000
00000000
00000000
00000000
00000000
00000000
00000000
00000000
00000000
00000000
00000000
00000000
00000000
00000000
00000000
00000000
00000000
00000000
00000000
00000000
00000000
00000000
00000000
00000000
00000000
00000000
00000000
00000000
00000000
00000000
00000000
00000000
00000000
00000000
00000000
00000000
00000000
00000000
00000000
00000000
00000000
00000000
00000000
00000000
00000000
00000000
00000000
00000000
00000000
00000000
00000000
00000000
00000000
00000000
00000000
00000000
00000000
00000000
00000000
00000000
00000000
00000000
00000000
00000000
00000000
00000000
00000000
00000000
00000000
00000000
00000000
00000000
00000000
00000000
00000000
00000000
00000000
00000000
00000000
00000000
00000000
00000000
00000000
00000000
00000000
00000000
00000000
00000000
00000000
00000000
00000000
00000000
00000000
00000000
00000000
00000000
00000000
00000000
00000000
00000000
00000000
00000000
00000000
00000000
00000000
00000000
00000000
00000000
00000000
00000000
00000000
00000000
00000000
00000000
00000000
00000000
00000000
00000000
00000000
00000000
00000000
00000000
00000000
00000000
00000000
00000000
00000000
00000000
00000000
00000000
00000000
00000000
00000000
00000000
00000000
00000000
00000000
00000000
00000000
00000000
00000000
00000000
00000000
00000000
00000000
00000000
00000000
00000000
00000000
00000000
00000000
00000000
00000000
00000000
00000000
00000000
00000000
00000000
00000000
00000000
00000000
00000000
00000000
00000000
00000000
00000000
00000000
00000000
00000000
00000000
00000000
00000000
00000000
00000000
00000000
00000000
00000000
00000000
00000000
00000000
00000000
00000000
00000000
00000000
00000000
00000000
00000000
00000000
00000000
00000000
00000000
00000000
00000000
00000000
00000000
00000000
00000000
00000000
00000000
00000000
00000000
00000000
00000000
00000000
00000000
00000000
00000000
00000000
00000000
00000000
00000000
00000000
00000000
00000000
00000000
00000000
00000000
00000000
00000000
00000000
00000000
00000000
00000000
00000000
00000000
00000000
00000000
00000000
00000000
00000000
00000000
00000000
00000000
00000000
00000000
00000000
00000000
00000000
00000000
00000000
00000000
00000000
00000000
00000000
00000000
00000000
00000000
00000000
00000000
00000000
00000000
00000000
00000000
00000000
00000000
00000000
00000000
00000000
00000000
00000000
00000000
00000000
00000000
00000000
00000000
00000000
00000000
00000000
00000000
00000000
00000000
00000000
00000000
00000000
00000000
00000000
00000000
00000000
00000000
00000000
00000000
00000000
00000000
00000000
00000000
00000000
00000000
00000000
00000000
00000000
00000000
00000000
00000000
00000000
00000000
00000000
00000000
00000000
00000000
00000000
00000000
00000000
00000000
00000000
00000000
00000000
00000000
00000000
00000000
00000000
00000000
00000000
00000000
00000000
00000000
00000000
00000000
00000000
00000000
00000000
00000000
00000000
00000000
00000000
00000000
00000000
00000000
00000000
00000000
00000000
00000000
00000000
00000000
00000000
00000000
00000000
00000000
00000000
00000000
00000000
00000000
00000000
00000000
00000000
00000000
00000000
00000000
00000000
00000000
00000000
00000000
00000000
00000000
00000000
00000000
00000000
00000000
00000000
00000000
00000000
00000000
00000000
00000000
00000000
00000000
00000000
00000000
00000000
00000000
00000000
00000000
00000000
00000000
00000000
00000000
00000000
00000000
00000000
00000000
00000000
00000000
00000000
00000000
00000000
00000000
00000000
00000000
00000000
00000000
00000000
00000000
