0
1
2
3
4
5
6
14
15
16
17
18
19
20
28
29
30
31
32
33
34
42
43
44
45
46
47
48
56
57
58
59
60
61
62
70
71
72
73
74
75
76
84
85
86
87
88
89
90
196
197
198
199
200
201
202
210
211
212
213
214
215
216
224
225
226
227
228
229
230
238
239
240
241
242
243
244
252
253
254
255
256
257
258
266
267
268
269
270
271
272
280
281
282
283
284
285
286
392
393
394
395
396
397
398
406
407
408
409
410
411
412
420
421
422
423
424
425
426
434
435
436
437
438
439
440
448
449
450
451
452
453
454
462
463
464
465
466
467
468
476
477
478
479
480
481
482
588
589
590
591
592
593
594
602
603
604
605
606
607
608
616
617
618
619
620
621
622
630
631
632
633
634
635
636
644
645
646
647
648
649
650
658
659
660
661
662
663
664
672
673
674
675
676
677
678
784
785
786
787
788
789
790
798
799
800
801
802
803
804
812
813
814
815
816
817
818
826
827
828
829
830
831
832
840
841
842
843
844
845
846
854
855
856
857
858
859
860
868
869
870
871
872
873
874
980
981
982
983
984
985
986
994
995
996
997
998
999
1000
1008
1009
1010
1011
1012
1013
1014
1022
1023
1024
1025
1026
1027
1028
1036
1037
1038
1039
1040
1041
1042
1050
1051
1052
1053
1054
1055
1056
1064
1065
1066
1067
1068
1069
1070
1176
1177
1178
1179
1180
1181
1182
1190
1191
1192
1193
1194
1195
1196
1204
1205
1206
1207
1208
1209
1210
1218
1219
1220
1221
1222
1223
1224
1232
1233
1234
1235
1236
1237
1238
1246
1247
1248
1249
1250
1251
1252
1260
1261
1262
1263
1264
1265
1266
1372
1373
1374
1375
1376
1377
1378
1386
1387
1388
1389
1390
1391
1392
1400
1401
1402
1403
1404
1405
1406
1414
1415
1416
1417
1418
1419
1420
1428
1429
1430
1431
1432
1433
1434
1442
1443
1444
1445
1446
1447
1448
1456
1457
1458
1459
1460
1461
1462
