406
407
408
409
410
411
412
413
414
415
416
417
418
419
434
435
436
437
438
439
440
441
442
443
444
445
446
447
462
463
464
465
466
467
468
469
470
471
472
473
474
475
490
491
492
493
494
495
496
497
498
499
500
501
502
503
518
519
520
521
522
523
524
525
526
527
528
529
530
531
546
547
548
549
550
551
552
553
554
555
556
557
558
559
574
575
576
577
578
579
580
581
582
583
584
585
586
587
602
603
604
605
606
607
608
609
610
611
612
613
614
615
630
631
632
633
634
635
636
637
638
639
640
641
642
643
658
659
660
661
662
663
664
665
666
667
668
669
670
671
686
687
688
689
690
691
692
693
694
695
696
697
698
699
714
715
716
717
718
719
720
721
722
723
724
725
726
727
742
743
744
745
746
747
748
749
750
751
752
753
754
755
770
771
772
773
774
775
776
777
778
779
780
781
782
783
1190
1191
1192
1193
1194
1195
1196
1197
1198
1199
1200
1201
1202
1203
1218
1219
1220
1221
1222
1223
1224
1225
1226
1227
1228
1229
1230
1231
1246
1247
1248
1249
1250
1251
1252
1253
1254
1255
1256
1257
1258
1259
1274
1275
1276
1277
1278
1279
1280
1281
1282
1283
1284
1285
1286
1287
1302
1303
1304
1305
1306
1307
1308
1309
1310
1311
1312
1313
1314
1315
1330
1331
1332
1333
1334
1335
1336
1337
1338
1339
1340
1341
1342
1343
1358
1359
1360
1361
1362
1363
1364
1365
1366
1367
1368
1369
1370
1371
1386
1387
1388
1389
1390
1391
1392
1393
1394
1395
1396
1397
1398
1399
1414
1415
1416
1417
1418
1419
1420
1421
1422
1423
1424
1425
1426
1427
1442
1443
1444
1445
1446
1447
1448
1449
1450
1451
1452
1453
1454
1455
1470
1471
1472
1473
1474
1475
1476
1477
1478
1479
1480
1481
1482
1483
1498
1499
1500
1501
1502
1503
1504
1505
1506
1507
1508
1509
1510
1511
1526
1527
1528
1529
1530
1531
1532
1533
1534
1535
1536
1537
1538
1539
1554
1555
1556
1557
1558
1559
1560
1561
1562
1563
1564
1565
1566
1567
1974
1975
1976
1977
1978
1979
1980
1981
1982
1983
1984
1985
1986
1987
2002
2003
2004
2005
2006
2007
2008
2009
2010
2011
2012
2013
2014
2015
2030
2031
2032
2033
2034
2035
2036
2037
2038
2039
2040
2041
2042
2043
2058
2059
2060
2061
2062
2063
2064
2065
2066
2067
2068
2069
2070
2071
2086
2087
2088
2089
2090
2091
2092
2093
2094
2095
2096
2097
2098
2099
2114
2115
2116
2117
2118
2119
2120
2121
2122
2123
2124
2125
2126
2127
2142
2143
2144
2145
2146
2147
2148
2149
2150
2151
2152
2153
2154
2155
2170
2171
2172
2173
2174
2175
2176
2177
2178
2179
2180
2181
2182
2183
2198
2199
2200
2201
2202
2203
2204
2205
2206
2207
2208
2209
2210
2211
2226
2227
2228
2229
2230
2231
2232
2233
2234
2235
2236
2237
2238
2239
2254
2255
2256
2257
2258
2259
2260
2261
2262
2263
2264
2265
2266
2267
2282
2283
2284
2285
2286
2287
2288
2289
2290
2291
2292
2293
2294
2295
2310
2311
2312
2313
2314
2315
2316
2317
2318
2319
2320
2321
2322
2323
2338
2339
2340
2341
2342
2343
2344
2345
2346
2347
2348
2349
2350
2351
2758
2759
2760
2761
2762
2763
2764
2765
2766
2767
2768
2769
2770
2771
2786
2787
2788
2789
2790
2791
2792
2793
2794
2795
2796
2797
2798
2799
2814
2815
2816
2817
2818
2819
2820
2821
2822
2823
2824
2825
2826
2827
2842
2843
2844
2845
2846
2847
2848
2849
2850
2851
2852
2853
2854
2855
2870
2871
2872
2873
2874
2875
2876
2877
2878
2879
2880
2881
2882
2883
2898
2899
2900
2901
2902
2903
2904
2905
2906
2907
2908
2909
2910
2911
2926
2927
2928
2929
2930
2931
2932
2933
2934
2935
2936
2937
2938
2939
2954
2955
2956
2957
2958
2959
2960
2961
2962
2963
2964
2965
2966
2967
2982
2983
2984
2985
2986
2987
2988
2989
2990
2991
2992
2993
2994
2995
3010
3011
3012
3013
3014
3015
3016
3017
3018
3019
3020
3021
3022
3023
3038
3039
3040
3041
3042
3043
3044
3045
3046
3047
3048
3049
3050
3051
3066
3067
3068
3069
3070
3071
3072
3073
3074
3075
3076
3077
3078
3079
3094
3095
3096
3097
3098
3099
3100
3101
3102
3103
3104
3105
3106
3107
3122
3123
3124
3125
3126
3127
3128
3129
3130
3131
3132
3133
3134
3135
3542
3543
3544
3545
3546
3547
3548
3549
3550
3551
3552
3553
3554
3555
3570
3571
3572
3573
3574
3575
3576
3577
3578
3579
3580
3581
3582
3583
3598
3599
3600
3601
3602
3603
3604
3605
3606
3607
3608
3609
3610
3611
3626
3627
3628
3629
3630
3631
3632
3633
3634
3635
3636
3637
3638
3639
3654
3655
3656
3657
3658
3659
3660
3661
3662
3663
3664
3665
3666
3667
3682
3683
3684
3685
3686
3687
3688
3689
3690
3691
3692
3693
3694
3695
3710
3711
3712
3713
3714
3715
3716
3717
3718
3719
3720
3721
3722
3723
3738
3739
3740
3741
3742
3743
3744
3745
3746
3747
3748
3749
3750
3751
3766
3767
3768
3769
3770
3771
3772
3773
3774
3775
3776
3777
3778
3779
3794
3795
3796
3797
3798
3799
3800
3801
3802
3803
3804
3805
3806
3807
3822
3823
3824
3825
3826
3827
3828
3829
3830
3831
3832
3833
3834
3835
3850
3851
3852
3853
3854
3855
3856
3857
3858
3859
3860
3861
3862
3863
3878
3879
3880
3881
3882
3883
3884
3885
3886
3887
3888
3889
3890
3891
3906
3907
3908
3909
3910
3911
3912
3913
3914
3915
3916
3917
3918
3919
4326
4327
4328
4329
4330
4331
4332
4333
4334
4335
4336
4337
4338
4339
4354
4355
4356
4357
4358
4359
4360
4361
4362
4363
4364
4365
4366
4367
4382
4383
4384
4385
4386
4387
4388
4389
4390
4391
4392
4393
4394
4395
4410
4411
4412
4413
4414
4415
4416
4417
4418
4419
4420
4421
4422
4423
4438
4439
4440
4441
4442
4443
4444
4445
4446
4447
4448
4449
4450
4451
4466
4467
4468
4469
4470
4471
4472
4473
4474
4475
4476
4477
4478
4479
4494
4495
4496
4497
4498
4499
4500
4501
4502
4503
4504
4505
4506
4507
4522
4523
4524
4525
4526
4527
4528
4529
4530
4531
4532
4533
4534
4535
4550
4551
4552
4553
4554
4555
4556
4557
4558
4559
4560
4561
4562
4563
4578
4579
4580
4581
4582
4583
4584
4585
4586
4587
4588
4589
4590
4591
4606
4607
4608
4609
4610
4611
4612
4613
4614
4615
4616
4617
4618
4619
4634
4635
4636
4637
4638
4639
4640
4641
4642
4643
4644
4645
4646
4647
4662
4663
4664
4665
4666
4667
4668
4669
4670
4671
4672
4673
4674
4675
4690
4691
4692
4693
4694
4695
4696
4697
4698
4699
4700
4701
4702
4703
5110
5111
5112
5113
5114
5115
5116
5117
5118
5119
5120
5121
5122
5123
5138
5139
5140
5141
5142
5143
5144
5145
5146
5147
5148
5149
5150
5151
5166
5167
5168
5169
5170
5171
5172
5173
5174
5175
5176
5177
5178
5179
5194
5195
5196
5197
5198
5199
5200
5201
5202
5203
5204
5205
5206
5207
5222
5223
5224
5225
5226
5227
5228
5229
5230
5231
5232
5233
5234
5235
5250
5251
5252
5253
5254
5255
5256
5257
5258
5259
5260
5261
5262
5263
5278
5279
5280
5281
5282
5283
5284
5285
5286
5287
5288
5289
5290
5291
5306
5307
5308
5309
5310
5311
5312
5313
5314
5315
5316
5317
5318
5319
5334
5335
5336
5337
5338
5339
5340
5341
5342
5343
5344
5345
5346
5347
5362
5363
5364
5365
5366
5367
5368
5369
5370
5371
5372
5373
5374
5375
5390
5391
5392
5393
5394
5395
5396
5397
5398
5399
5400
5401
5402
5403
5418
5419
5420
5421
5422
5423
5424
5425
5426
5427
5428
5429
5430
5431
5446
5447
5448
5449
5450
5451
5452
5453
5454
5455
5456
5457
5458
5459
5474
5475
5476
5477
5478
5479
5480
5481
5482
5483
5484
5485
5486
5487
5894
5895
5896
5897
5898
5899
5900
5901
5902
5903
5904
5905
5906
5907
5922
5923
5924
5925
5926
5927
5928
5929
5930
5931
5932
5933
5934
5935
5950
5951
5952
5953
5954
5955
5956
5957
5958
5959
5960
5961
5962
5963
5978
5979
5980
5981
5982
5983
5984
5985
5986
5987
5988
5989
5990
5991
6006
6007
6008
6009
6010
6011
6012
6013
6014
6015
6016
6017
6018
6019
6034
6035
6036
6037
6038
6039
6040
6041
6042
6043
6044
6045
6046
6047
6062
6063
6064
6065
6066
6067
6068
6069
6070
6071
6072
6073
6074
6075
6090
6091
6092
6093
6094
6095
6096
6097
6098
6099
6100
6101
6102
6103
6118
6119
6120
6121
6122
6123
6124
6125
6126
6127
6128
6129
6130
6131
6146
6147
6148
6149
6150
6151
6152
6153
6154
6155
6156
6157
6158
6159
6174
6175
6176
6177
6178
6179
6180
6181
6182
6183
6184
6185
6186
6187
6202
6203
6204
6205
6206
6207
6208
6209
6210
6211
6212
6213
6214
6215
6230
6231
6232
6233
6234
6235
6236
6237
6238
6239
6240
6241
6242
6243
6258
6259
6260
6261
6262
6263
6264
6265
6266
6267
6268
6269
6270
6271
